32 4 85
3 4 2 1 3 0 5 4 4 1 4 5 4 3 1 1 0 4 5 4 4 2 3 2 4 2 4 4 1 3 2 3
1 4 4
1 7 1
1 11 5
1 14 1
1 19 5
1 23 1
2 6 4
2 32 1
2 5 4
3 5 2
3 12 2
3 24 2
3 31 4
3 7 1
4 5 2
4 6 4
4 16 3
4 28 1
4 32 3
5 16 5
5 28 6
5 7 2
6 8 2
6 11 4
6 18 5
6 20 1
6 28 4
7 8 6
8 14 3
8 30 2
9 25 5
9 26 4
9 14 6
9 15 2
10 15 2
10 24 5
10 31 2
10 11 3
11 28 1
11 13 2
11 16 6
12 13 2
12 20 5
12 31 4
12 16 5
13 21 3
14 17 6
14 22 5
14 27 2
15 23 1
15 27 2
15 28 5
16 17 6
16 20 6
16 25 1
16 29 6
17 22 4
17 20 3
17 18 3
18 22 2
18 24 4
19 24 2
19 30 6
19 21 5
19 23 1
20 25 2
20 29 4
21 23 3
21 24 3
21 25 3
21 30 2
21 32 6
22 23 3
22 24 6
23 29 3
24 32 3
25 27 6
26 27 2
27 30 3
27 31 3
28 31 1
28 32 2
29 31 3
29 32 6
30 32 4
5
11
18
31
