32 4 266
3 5 5 3 4 1 1 5 2 0 3 3 5 0 2 5 1 1 0 5 2 0 0 5 0 5 3 1 4 4 5 5
1 2 6
1 3 3
1 5 4
1 7 6
1 8 1
1 10 1
1 12 6
1 16 1
1 17 5
1 20 5
1 22 5
1 24 2
1 25 6
1 26 3
1 27 3
1 28 3
1 29 5
1 31 6
1 32 4
1 6 4
2 3 2
2 9 5
2 10 3
2 11 2
2 12 2
2 13 3
2 14 1
2 15 5
2 17 3
2 18 2
2 19 5
2 21 1
2 23 6
2 24 3
2 30 2
2 31 5
2 5 5
2 4 3
2 6 2
3 4 6
3 5 2
3 7 2
3 8 3
3 10 1
3 11 1
3 14 5
3 16 2
3 18 1
3 21 2
3 25 6
3 26 1
3 32 2
4 5 5
4 11 3
4 13 3
4 14 6
4 15 1
4 16 2
4 21 6
4 22 1
4 24 2
4 25 5
4 26 1
4 27 6
4 28 4
4 30 1
4 32 2
4 7 6
5 7 5
5 9 1
5 10 1
5 13 3
5 14 2
5 15 3
5 17 2
5 21 5
5 22 1
5 23 3
5 26 3
5 29 5
5 31 1
6 7 2
6 10 4
6 11 5
6 13 3
6 14 5
6 17 2
6 19 3
6 22 5
6 23 2
6 25 4
6 29 2
6 32 6
6 8 5
7 9 3
7 10 5
7 11 2
7 12 2
7 16 1
7 17 6
7 19 3
7 28 1
7 29 2
8 9 6
8 12 1
8 14 1
8 15 6
8 16 2
8 18 3
8 19 6
8 20 1
8 23 3
8 24 3
8 28 3
8 29 4
8 31 4
8 32 1
9 11 3
9 15 1
9 17 4
9 18 5
9 19 4
9 21 6
9 22 5
9 25 6
9 30 3
9 32 6
9 13 2
9 16 2
10 12 5
10 13 6
10 14 3
10 15 2
10 18 6
10 20 1
10 22 5
10 23 3
10 24 4
10 26 2
10 27 2
10 28 4
10 29 4
10 30 2
10 31 1
11 15 1
11 18 2
11 20 1
11 21 6
11 22 5
11 23 1
11 24 2
11 26 5
11 27 6
11 29 4
11 32 4
12 14 3
12 15 3
12 18 4
12 19 5
12 24 3
12 27 6
12 28 4
12 32 3
13 15 1
13 16 6
13 17 6
13 19 3
13 20 3
13 23 2
13 25 2
13 27 4
13 28 6
13 32 3
14 17 4
14 19 2
14 20 4
14 22 3
14 24 4
14 26 2
15 24 4
15 25 3
15 29 1
15 31 5
15 16 4
16 18 1
16 19 4
16 21 4
16 22 3
16 23 5
16 24 3
16 25 2
16 27 2
16 28 2
16 29 3
16 30 5
16 31 4
17 18 6
17 21 4
17 22 4
17 23 6
17 25 2
17 28 1
17 29 2
17 32 5
17 24 6
18 21 5
18 22 1
18 27 3
18 29 1
18 30 3
18 31 4
18 23 5
19 20 3
19 22 2
19 23 3
19 24 4
19 26 5
19 27 6
19 31 5
20 23 1
20 25 5
20 26 3
20 29 4
20 21 5
20 22 6
21 23 2
21 24 3
21 26 3
21 28 2
21 29 1
21 30 5
21 31 6
21 32 2
22 24 5
22 28 3
22 32 1
23 25 1
23 28 4
23 29 5
23 32 3
24 25 2
24 27 6
24 28 1
24 29 1
24 30 3
25 26 2
25 27 3
25 28 4
25 29 3
25 30 3
25 31 5
25 32 6
26 29 2
26 30 3
26 31 2
26 32 6
27 28 3
27 29 2
27 32 6
27 31 3
28 29 4
28 32 1
29 30 6
29 32 2
30 31 5
31 32 1
3
15
19
29
