32 4 404
5 1 3 5 1 4 5 3 1 3 3 5 0 5 4 1 0 1 5 1 1 3 2 2 4 0 2 1 3 0 3 2
1 3 6
1 5 5
1 6 4
1 7 6
1 9 6
1 10 6
1 11 4
1 12 6
1 13 1
1 14 6
1 15 3
1 16 6
1 18 1
1 19 3
1 20 2
1 21 2
1 23 6
1 25 4
1 27 4
1 29 1
1 30 1
1 32 4
2 5 3
2 6 2
2 7 3
2 8 2
2 9 1
2 10 3
2 12 6
2 13 6
2 15 6
2 16 1
2 17 5
2 18 3
2 19 1
2 20 5
2 21 6
2 23 3
2 24 3
2 25 5
2 26 1
2 27 4
2 28 3
2 30 5
2 31 6
2 32 4
3 5 4
3 7 5
3 8 6
3 9 4
3 10 3
3 11 6
3 12 1
3 15 5
3 16 2
3 17 3
3 18 2
3 19 2
3 20 5
3 21 1
3 22 1
3 23 1
3 24 5
3 25 6
3 26 4
3 27 3
3 28 1
3 29 3
3 30 4
3 31 4
4 5 6
4 7 3
4 8 4
4 9 3
4 10 5
4 11 1
4 12 4
4 13 2
4 14 3
4 15 1
4 16 2
4 17 4
4 18 2
4 19 4
4 20 1
4 22 2
4 23 4
4 25 5
4 26 4
4 27 3
4 28 5
4 30 2
4 31 6
4 32 2
4 6 6
5 7 4
5 8 6
5 10 5
5 12 1
5 13 4
5 14 2
5 15 3
5 17 6
5 19 2
5 20 5
5 21 1
5 23 6
5 24 4
5 26 6
5 27 3
5 28 1
5 29 5
5 30 5
5 31 2
5 32 1
6 7 6
6 8 6
6 9 3
6 11 3
6 12 1
6 14 1
6 15 5
6 16 3
6 17 4
6 20 1
6 21 5
6 24 3
6 25 3
6 26 3
6 27 5
6 28 5
6 29 5
6 30 3
6 31 1
6 32 2
7 8 2
7 9 6
7 10 5
7 11 5
7 12 6
7 13 1
7 14 5
7 15 4
7 16 4
7 18 5
7 19 6
7 20 1
7 21 3
7 22 4
7 23 6
7 24 2
7 25 2
7 26 1
7 27 6
7 28 5
7 29 1
7 30 3
7 31 3
7 32 2
8 9 5
8 10 6
8 14 1
8 15 3
8 18 1
8 19 4
8 20 4
8 21 2
8 22 4
8 23 1
8 25 6
8 26 1
8 27 4
8 28 4
8 29 5
8 30 2
8 31 4
8 32 2
9 10 4
9 11 2
9 12 1
9 13 3
9 14 1
9 15 6
9 16 4
9 17 2
9 18 4
9 19 1
9 21 3
9 22 6
9 24 1
9 25 4
9 26 1
9 27 2
9 28 3
9 29 3
9 30 4
9 31 3
10 11 5
10 14 2
10 15 6
10 16 4
10 18 3
10 20 3
10 21 5
10 23 4
10 24 6
10 25 5
10 26 6
10 27 6
10 28 6
10 29 2
10 30 4
10 32 1
11 12 1
11 14 3
11 16 2
11 17 5
11 19 6
11 21 6
11 22 4
11 23 5
11 24 6
11 25 5
11 27 2
11 28 1
11 29 5
11 30 4
11 32 4
11 13 3
12 13 1
12 14 4
12 15 6
12 18 3
12 19 5
12 20 3
12 21 6
12 22 5
12 23 3
12 24 6
12 25 1
12 26 4
12 28 5
12 30 3
12 31 2
12 32 4
12 16 6
13 14 1
13 16 5
13 17 1
13 18 3
13 19 1
13 20 2
13 21 5
13 22 6
13 23 4
13 24 3
13 25 6
13 26 1
13 27 4
13 28 3
13 29 5
13 31 6
13 32 6
14 15 1
14 16 4
14 17 6
14 18 2
14 22 6
14 23 4
14 24 6
14 25 2
14 26 2
14 28 3
14 30 5
14 32 4
15 16 4
15 17 1
15 18 4
15 19 3
15 20 3
15 21 1
15 22 2
15 23 6
15 25 6
15 26 3
15 27 2
15 28 1
15 29 1
15 30 1
15 31 1
16 17 3
16 18 3
16 19 5
16 20 6
16 22 2
16 23 2
16 24 2
16 25 2
16 26 1
16 29 2
16 30 2
16 31 1
16 32 4
17 18 6
17 22 2
17 23 1
17 24 5
17 25 2
17 26 3
17 27 4
17 29 5
17 30 4
17 31 3
17 32 3
17 19 3
18 19 6
18 21 3
18 22 1
18 23 5
18 24 1
18 25 3
18 26 4
18 27 4
18 29 6
18 30 5
18 31 2
18 20 3
19 20 2
19 21 3
19 22 2
19 23 3
19 24 5
19 26 4
19 27 1
19 28 1
19 29 3
19 30 3
19 31 3
19 32 1
20 21 3
20 22 6
20 23 2
20 24 3
20 25 2
20 26 4
20 27 6
20 28 6
20 29 3
20 30 5
20 31 6
20 32 5
21 25 2
21 26 1
21 27 1
21 28 1
21 29 2
21 30 4
21 31 3
21 32 3
21 22 4
22 23 2
22 24 6
22 28 1
22 29 4
22 30 6
22 31 4
22 32 4
23 25 4
23 26 2
23 27 6
23 28 6
23 29 4
23 30 3
23 32 5
24 25 3
24 27 4
24 28 2
24 29 1
24 31 3
24 32 4
25 26 3
25 28 5
25 29 4
25 30 3
25 31 6
25 32 1
26 27 4
26 28 1
26 29 2
26 30 5
26 31 4
27 28 1
27 30 1
27 32 4
28 29 1
28 30 4
28 31 2
28 32 6
29 31 2
29 32 5
29 30 5
30 31 5
30 32 1
31 32 1
3
13
17
30
