32 4 105
3 3 1 3 2 4 3 5 5 4 1 0 1 0 1 4 3 5 5 0 2 5 3 4 2 3 3 2 0 4 3 3
1 7 5
1 8 3
1 11 1
1 18 3
1 19 4
1 20 3
1 21 2
1 23 3
1 25 1
1 28 5
1 3 3
1 6 4
2 3 2
2 7 4
2 8 2
2 13 3
2 24 3
2 25 5
2 30 1
3 11 3
3 12 1
3 13 6
3 20 2
3 28 2
3 29 5
4 10 5
4 16 6
4 17 2
4 20 6
4 25 3
4 31 6
4 32 6
4 8 2
5 20 2
5 7 3
5 6 1
6 11 2
6 15 5
6 16 4
6 17 6
6 23 6
6 8 3
7 9 6
7 13 1
7 21 6
7 22 1
7 24 4
7 25 4
7 28 3
8 16 5
8 28 3
8 29 5
9 19 5
9 21 3
9 23 5
9 13 5
9 10 6
10 13 6
10 15 5
11 15 3
11 26 3
11 27 2
11 12 5
12 15 2
12 20 1
12 29 4
13 27 4
14 26 1
14 16 6
15 16 5
16 18 4
16 25 6
17 18 4
17 20 1
17 21 2
17 22 1
17 28 3
17 24 4
18 20 4
19 22 1
19 23 1
20 26 5
20 28 4
20 30 4
20 21 5
20 24 4
21 29 4
21 32 3
22 23 2
22 27 5
22 29 6
22 24 2
23 30 5
23 24 3
24 26 6
24 32 2
25 28 1
25 26 4
25 31 2
26 29 5
26 30 2
27 29 3
27 30 2
28 29 1
31 32 5
3
15
20
27
