32 4 182
2 2 0 5 3 1 3 5 1 5 0 1 1 2 3 0 1 1 4 4 5 3 1 1 2 5 5 4 1 2 1 3
1 3 1
1 10 1
1 13 2
1 15 6
1 17 6
1 18 1
1 25 1
1 32 2
1 7 6
1 2 6
2 8 3
2 12 5
2 17 5
2 18 3
2 19 1
2 24 5
2 28 1
2 29 3
2 6 6
3 4 1
3 5 2
3 10 6
3 11 2
3 13 5
3 15 3
3 17 6
3 19 6
3 21 6
3 22 4
3 27 2
3 8 6
4 10 4
4 11 4
4 15 3
4 18 1
4 21 2
4 27 3
4 29 4
4 32 4
4 5 2
4 6 1
4 8 1
5 7 2
5 8 6
5 9 1
5 15 2
5 16 2
5 21 5
5 26 1
5 27 1
5 29 4
5 32 2
6 7 3
6 9 2
6 17 5
6 19 4
6 22 2
6 27 4
6 28 4
6 29 6
7 9 4
7 15 4
7 16 5
7 23 6
7 29 2
7 32 5
8 11 6
8 14 3
8 16 6
8 17 2
8 23 1
8 24 4
8 25 3
8 27 1
8 28 5
8 30 1
8 32 4
9 15 5
9 18 3
9 22 5
9 23 6
9 24 3
9 27 4
9 31 4
9 32 5
9 10 2
9 14 4
10 12 1
10 13 1
10 17 1
10 20 6
10 26 2
10 27 2
10 30 6
11 12 6
11 14 5
11 15 3
11 18 3
11 19 5
11 20 1
11 22 5
11 23 5
11 32 2
11 16 2
12 13 3
12 16 2
12 17 1
12 18 3
12 25 1
12 26 2
12 28 6
12 30 3
12 32 3
12 15 2
13 15 6
13 17 2
13 18 2
13 23 6
13 25 1
13 26 2
13 31 3
14 15 6
14 16 6
14 17 6
14 21 5
14 22 6
14 25 3
14 27 4
15 29 4
15 16 5
16 18 6
16 20 4
16 23 1
16 24 6
16 31 4
17 18 2
17 23 3
17 27 3
17 32 3
18 19 2
18 22 6
18 24 6
18 27 4
18 28 5
18 30 6
18 31 4
18 21 1
19 21 1
19 26 4
19 29 4
19 31 6
19 32 5
19 22 3
20 21 3
20 22 6
20 24 5
20 25 4
21 30 2
22 23 4
22 26 5
22 27 3
23 24 4
23 25 1
23 28 1
23 29 5
24 31 2
25 27 2
25 28 4
25 30 2
25 26 5
26 29 4
26 30 2
26 32 6
27 29 1
27 28 6
28 31 4
28 32 6
29 30 6
29 31 3
29 32 2
30 32 1
31 32 3
1
12
23
25
