32 4 82
2 0 3 1 1 4 4 3 3 1 3 4 5 4 3 2 5 3 4 3 2 2 4 1 3 3 1 4 1 3 5 4
1 15 2
1 21 3
1 24 4
1 2 5
2 20 2
2 24 2
2 30 4
2 5 2
2 6 4
2 4 6
3 6 5
3 10 6
3 20 3
3 23 6
3 32 2
3 4 4
3 7 3
3 8 5
4 5 1
4 7 1
5 12 3
5 19 4
5 26 6
5 31 6
6 11 1
6 32 4
7 14 1
7 24 4
7 26 3
8 9 1
8 16 5
8 19 4
9 22 5
9 25 1
9 26 3
9 12 6
9 15 6
10 25 6
10 29 4
10 13 2
10 15 5
11 15 5
11 22 2
11 27 5
11 29 1
11 30 6
12 24 6
12 31 6
12 14 3
13 27 6
13 32 4
15 17 4
15 18 5
15 28 3
15 29 5
15 30 1
15 16 4
16 23 1
17 31 2
17 21 5
17 23 5
17 22 4
18 20 4
18 22 1
19 24 3
22 26 6
22 30 1
22 24 6
23 24 3
23 27 3
23 30 5
23 31 5
24 30 3
25 30 6
25 32 1
26 29 1
26 31 1
27 31 5
27 32 5
28 32 1
29 30 4
29 31 3
6
15
21
28
