32 4 308
5 2 5 3 3 5 5 4 0 1 5 0 2 2 0 1 1 2 4 2 0 2 4 5 0 5 3 1 3 4 5 5
1 3 6
1 4 5
1 5 4
1 6 1
1 7 4
1 8 4
1 10 2
1 14 3
1 16 4
1 17 3
1 18 6
1 21 4
1 22 6
1 25 2
1 26 3
1 27 1
1 29 6
1 31 6
1 32 3
2 4 3
2 5 6
2 6 3
2 7 5
2 8 5
2 11 6
2 12 4
2 22 6
2 24 3
2 25 3
2 28 3
2 30 1
3 4 3
3 8 3
3 11 6
3 13 4
3 14 4
3 18 3
3 20 2
3 21 5
3 23 1
3 24 3
3 26 1
3 27 4
3 29 5
3 30 2
3 32 2
3 7 6
4 5 3
4 8 2
4 9 4
4 10 5
4 11 3
4 12 6
4 13 2
4 14 1
4 15 3
4 16 3
4 19 2
4 20 2
4 21 6
4 22 3
4 23 1
4 26 4
4 28 4
4 30 2
4 31 5
4 32 4
5 8 3
5 10 1
5 11 5
5 12 5
5 13 4
5 14 2
5 17 3
5 19 1
5 20 4
5 22 6
5 25 2
5 26 4
5 27 5
5 28 4
5 29 2
5 30 4
5 31 4
6 7 4
6 8 3
6 9 2
6 10 3
6 12 3
6 15 5
6 16 4
6 17 6
6 18 1
6 19 6
6 22 2
6 24 6
6 25 3
6 26 4
6 27 1
6 29 2
6 30 5
6 31 5
6 32 4
7 8 2
7 9 1
7 10 6
7 12 5
7 15 5
7 17 5
7 18 6
7 20 1
7 22 2
7 23 5
7 24 2
7 26 3
7 27 6
7 28 4
7 31 2
7 32 2
8 9 2
8 11 5
8 13 4
8 14 1
8 15 1
8 16 4
8 17 5
8 20 2
8 21 5
8 22 1
8 24 2
8 25 3
8 26 4
8 29 4
8 30 6
8 31 6
8 32 5
9 11 3
9 12 3
9 13 1
9 14 2
9 15 6
9 16 4
9 17 6
9 18 3
9 20 3
9 21 6
9 22 2
9 23 6
9 28 2
9 29 6
9 30 3
9 32 3
9 10 6
10 13 6
10 14 5
10 16 5
10 17 3
10 18 2
10 21 4
10 22 3
10 26 6
10 27 3
10 28 2
10 29 1
10 30 3
10 32 2
11 12 5
11 13 3
11 14 3
11 15 3
11 17 6
11 18 4
11 22 4
11 23 5
11 24 5
11 26 2
11 28 3
11 29 5
11 30 2
11 16 1
12 13 6
12 15 4
12 16 2
12 19 6
12 24 2
12 25 6
12 27 2
12 28 1
12 32 6
13 14 1
13 15 2
13 16 2
13 17 6
13 18 2
13 20 2
13 23 2
13 24 5
13 25 5
13 26 2
13 28 6
13 30 6
13 31 2
13 32 4
14 15 6
14 23 2
14 24 3
14 26 6
14 27 3
14 29 6
14 30 6
14 31 4
14 16 2
15 17 5
15 19 2
15 21 4
15 25 4
15 26 6
15 29 3
15 30 2
16 17 1
16 19 2
16 20 4
16 21 2
16 22 5
16 23 1
16 24 3
16 25 4
16 26 5
16 30 3
16 31 4
17 18 2
17 19 4
17 21 4
17 22 2
17 23 4
17 24 5
17 28 2
17 30 1
17 31 2
17 32 6
18 19 3
18 20 6
18 22 4
18 24 4
18 26 5
18 27 4
18 28 4
18 29 2
18 30 1
18 31 1
18 32 5
19 21 2
19 22 6
19 23 1
19 26 5
19 29 6
19 30 4
19 31 1
20 21 5
20 23 2
20 24 5
20 28 1
20 30 5
20 32 5
21 22 4
21 23 3
21 24 1
21 26 6
21 28 4
21 31 4
22 23 2
22 24 2
22 25 5
22 29 2
22 30 5
22 32 1
23 25 2
23 27 2
23 28 1
23 29 3
23 31 6
23 32 1
24 25 3
24 28 4
24 29 3
24 32 4
25 26 1
25 27 3
25 28 6
25 29 4
25 30 4
25 31 5
25 32 2
26 27 6
26 30 3
26 32 2
26 28 4
27 29 6
27 30 5
27 28 1
27 32 1
28 29 1
28 30 6
28 31 6
28 32 3
29 30 5
30 31 2
30 32 3
2
10
19
30
