32 4 389
0 5 1 1 2 1 0 0 0 1 1 0 5 2 0 2 0 3 3 1 5 1 1 1 4 5 0 2 0 3 5 4
1 2 5
1 3 6
1 4 5
1 5 4
1 6 6
1 7 6
1 8 2
1 9 2
1 10 3
1 11 4
1 12 1
1 14 5
1 15 6
1 17 4
1 18 2
1 19 1
1 20 1
1 23 3
1 26 5
1 27 2
1 28 6
1 32 6
2 4 2
2 7 3
2 8 4
2 9 3
2 10 6
2 11 2
2 12 3
2 13 1
2 14 2
2 16 2
2 18 5
2 20 3
2 21 3
2 22 2
2 23 1
2 24 3
2 25 1
2 26 1
2 27 4
2 28 6
2 29 1
2 30 2
2 31 2
2 32 5
3 5 6
3 6 2
3 7 2
3 8 5
3 9 1
3 10 4
3 11 5
3 12 4
3 13 5
3 14 2
3 15 2
3 16 2
3 18 4
3 19 6
3 21 1
3 22 4
3 23 1
3 25 2
3 28 3
3 29 2
3 30 2
3 32 6
3 4 4
4 5 4
4 6 3
4 7 5
4 10 4
4 12 2
4 13 5
4 14 5
4 15 1
4 16 2
4 18 1
4 19 3
4 21 6
4 23 1
4 25 1
4 26 6
4 27 3
4 28 5
4 29 4
4 30 2
5 6 4
5 7 2
5 8 2
5 9 5
5 10 6
5 11 1
5 12 1
5 13 4
5 14 1
5 15 3
5 16 2
5 18 1
5 19 3
5 20 4
5 22 3
5 24 6
5 25 3
5 26 3
5 27 1
5 28 2
5 29 2
5 31 2
5 32 5
6 7 6
6 8 4
6 9 6
6 10 6
6 11 2
6 12 3
6 14 3
6 18 1
6 21 2
6 23 2
6 24 3
6 26 2
6 28 1
6 29 6
6 31 3
7 8 3
7 9 2
7 11 5
7 12 2
7 13 4
7 14 3
7 15 1
7 16 1
7 19 2
7 20 6
7 21 6
7 23 2
7 24 3
7 25 3
7 27 2
7 28 2
7 29 2
7 30 5
7 32 2
8 9 1
8 10 2
8 11 6
8 12 5
8 13 1
8 14 3
8 15 3
8 16 3
8 17 1
8 18 6
8 20 3
8 21 6
8 22 5
8 24 2
8 25 1
8 26 3
8 27 1
8 28 3
8 31 2
8 32 2
9 10 1
9 12 5
9 14 5
9 15 5
9 16 4
9 17 6
9 18 4
9 19 1
9 20 4
9 21 4
9 22 6
9 23 2
9 25 6
9 26 5
9 28 3
9 29 4
9 30 2
9 13 1
9 11 1
10 11 1
10 13 2
10 14 5
10 15 6
10 16 6
10 17 4
10 19 6
10 20 1
10 21 1
10 23 4
10 24 2
10 25 3
10 26 1
10 29 2
10 32 3
11 12 5
11 13 6
11 14 2
11 15 4
11 16 2
11 18 6
11 19 1
11 20 3
11 21 3
11 22 1
11 23 1
11 24 2
11 26 6
11 27 3
11 29 4
11 30 1
11 31 3
12 13 1
12 15 4
12 16 5
12 17 3
12 18 5
12 20 4
12 22 4
12 23 1
12 24 5
12 25 1
12 26 5
12 27 3
12 28 6
12 29 4
12 30 2
13 14 5
13 15 4
13 17 2
13 18 1
13 19 6
13 20 4
13 21 5
13 22 1
13 23 3
13 26 2
13 27 1
13 28 5
13 29 5
13 30 3
13 31 2
13 32 2
14 16 2
14 17 2
14 18 4
14 19 4
14 20 5
14 21 5
14 22 2
14 23 4
14 24 6
14 26 4
14 29 6
14 30 3
14 31 1
14 32 5
15 16 2
15 17 6
15 18 3
15 19 5
15 22 1
15 23 3
15 24 3
15 25 4
15 26 3
15 27 1
15 28 6
15 29 1
15 30 3
15 31 4
15 32 5
16 18 5
16 19 4
16 20 3
16 21 6
16 22 5
16 23 4
16 24 6
16 25 3
16 26 6
16 28 1
16 30 6
16 31 1
17 18 6
17 19 6
17 20 2
17 21 5
17 24 6
17 25 5
17 26 5
17 27 5
17 28 1
17 29 4
17 32 3
17 22 4
18 19 6
18 20 6
18 21 1
18 22 2
18 23 4
18 24 4
18 25 3
18 26 4
18 27 3
18 28 2
18 29 4
18 31 6
18 32 1
19 20 4
19 21 4
19 22 3
19 23 3
19 24 1
19 25 6
19 26 5
19 27 5
19 29 6
19 30 2
19 31 2
19 32 2
20 22 5
20 23 2
20 24 2
20 25 3
20 26 5
20 27 6
20 28 6
20 29 3
20 30 5
20 31 5
20 32 6
21 22 4
21 23 4
21 24 3
21 25 2
21 26 4
21 28 2
21 29 4
21 32 3
22 23 6
22 24 1
22 27 6
22 28 4
22 29 5
22 30 4
22 31 5
22 32 6
23 25 1
23 26 4
23 27 2
23 29 1
23 30 5
23 31 6
23 32 5
23 24 2
24 25 1
24 26 6
24 27 1
24 29 1
24 30 6
24 31 3
24 32 5
25 26 5
25 27 4
25 28 3
25 29 3
25 30 5
25 31 5
25 32 3
26 29 2
26 30 2
26 31 2
26 32 4
27 30 2
27 31 3
27 32 3
27 28 6
28 29 5
28 30 4
28 31 1
29 30 4
30 31 2
30 32 4
31 32 2
6
11
19
29
