32 4 360
5 4 0 1 3 1 1 4 1 1 0 3 2 4 4 4 5 4 1 5 2 2 3 2 2 0 2 2 4 1 1 4
1 2 3
1 4 3
1 6 3
1 7 2
1 8 4
1 9 5
1 10 1
1 13 4
1 15 1
1 17 6
1 19 1
1 20 5
1 21 4
1 22 3
1 24 3
1 26 6
1 27 4
1 28 2
1 32 5
2 3 3
2 5 2
2 6 4
2 7 5
2 8 3
2 9 6
2 10 1
2 11 3
2 12 2
2 13 5
2 15 1
2 16 4
2 19 2
2 20 6
2 21 2
2 23 4
2 26 3
2 27 5
2 29 5
2 31 5
2 32 2
3 4 6
3 5 5
3 7 2
3 8 6
3 9 1
3 11 5
3 14 5
3 16 2
3 17 4
3 20 1
3 21 6
3 22 4
3 24 6
3 26 6
3 27 3
3 28 3
3 29 2
4 5 1
4 6 6
4 7 1
4 9 5
4 10 4
4 11 5
4 12 6
4 13 4
4 14 5
4 15 4
4 17 4
4 18 5
4 19 3
4 20 3
4 21 1
4 22 4
4 23 4
4 24 2
4 25 6
4 26 6
4 27 3
4 29 6
4 31 1
4 32 1
4 8 3
5 7 2
5 8 3
5 11 2
5 12 1
5 13 5
5 15 2
5 18 3
5 19 6
5 20 4
5 21 6
5 22 6
5 23 2
5 24 1
5 25 2
5 26 6
5 27 6
5 29 4
5 30 2
5 31 2
6 8 2
6 9 6
6 10 1
6 11 1
6 12 1
6 13 1
6 14 3
6 15 3
6 16 1
6 17 6
6 18 5
6 19 1
6 20 1
6 21 2
6 22 2
6 25 2
6 26 3
6 27 3
6 28 1
6 29 1
6 30 1
6 31 1
7 10 4
7 13 1
7 14 4
7 16 6
7 17 6
7 18 3
7 21 5
7 22 1
7 23 3
7 26 5
7 27 6
7 32 5
8 9 3
8 10 5
8 11 6
8 12 1
8 14 3
8 15 5
8 16 4
8 18 5
8 19 6
8 21 5
8 22 5
8 23 5
8 24 6
8 25 6
8 27 1
8 29 2
8 30 5
9 10 2
9 11 5
9 14 6
9 15 1
9 16 6
9 17 5
9 18 1
9 19 1
9 20 6
9 21 2
9 23 4
9 24 2
9 25 2
9 26 3
9 27 4
9 28 4
9 30 5
9 31 1
9 32 6
9 13 4
10 11 2
10 12 5
10 14 1
10 15 3
10 16 5
10 19 3
10 21 1
10 22 3
10 23 5
10 24 1
10 25 5
10 26 6
10 28 6
10 30 3
10 31 4
10 32 1
11 12 5
11 13 4
11 14 5
11 16 3
11 17 5
11 18 1
11 19 2
11 21 5
11 22 3
11 25 3
11 26 1
11 27 5
11 28 4
11 29 6
12 13 6
12 14 2
12 15 5
12 16 4
12 17 5
12 18 1
12 19 3
12 20 4
12 23 3
12 25 6
12 26 1
12 27 1
12 28 6
12 29 2
12 30 4
12 31 3
12 32 2
13 14 5
13 15 1
13 16 1
13 17 1
13 18 1
13 19 5
13 20 1
13 21 4
13 22 4
13 24 4
13 26 2
13 27 3
13 28 6
13 29 1
13 30 4
13 31 3
13 32 5
14 15 1
14 17 4
14 18 5
14 19 2
14 20 5
14 23 5
14 25 3
14 27 3
14 28 3
14 30 4
14 31 3
15 16 4
15 17 2
15 18 5
15 19 2
15 21 3
15 22 4
15 24 2
15 25 5
15 27 4
15 28 4
15 29 1
15 32 2
16 17 4
16 18 4
16 20 6
16 22 3
16 23 2
16 26 6
16 27 2
16 28 1
16 30 1
16 31 6
17 19 4
17 22 2
17 24 1
17 25 2
17 26 4
17 27 6
17 29 1
17 30 1
17 31 5
17 32 2
17 18 4
18 19 6
18 20 1
18 22 4
18 23 3
18 24 1
18 25 3
18 26 1
18 27 2
18 28 6
18 29 6
18 30 4
18 31 4
19 20 3
19 21 1
19 22 6
19 23 4
19 25 2
19 26 5
19 27 1
19 29 5
19 30 1
19 31 2
20 21 5
20 22 4
20 23 6
20 25 1
20 26 1
20 27 2
20 29 6
20 30 3
20 31 6
20 24 3
21 22 6
21 23 4
21 24 3
21 25 2
21 26 3
21 30 4
22 23 3
22 26 2
22 27 2
22 28 3
22 31 5
22 32 1
23 24 2
23 25 4
23 28 6
23 29 3
23 30 4
23 32 1
24 25 1
24 26 3
24 28 5
24 29 5
24 30 2
24 31 1
25 26 4
25 28 1
25 29 5
25 30 6
25 31 5
26 27 3
26 28 4
26 30 4
26 31 6
26 32 3
27 28 6
27 29 2
27 30 3
27 32 2
28 29 4
28 30 2
28 31 6
28 32 3
29 30 2
29 31 5
29 32 3
30 31 2
30 32 5
31 32 4
2
15
18
29
