32 4 221
3 0 5 5 1 0 2 0 0 1 2 3 2 1 2 1 3 5 4 3 2 1 5 3 3 3 1 4 2 2 5 3
1 3 4
1 5 3
1 9 1
1 10 2
1 13 5
1 15 2
1 16 3
1 17 5
1 18 2
1 19 2
1 21 1
1 22 3
1 24 4
1 26 4
1 30 6
1 2 3
1 8 6
2 5 5
2 6 4
2 13 5
2 17 2
2 18 6
2 19 5
2 22 5
2 23 2
2 24 6
2 28 6
2 4 6
3 9 4
3 11 1
3 12 2
3 13 1
3 14 6
3 15 4
3 16 6
3 18 3
3 21 4
3 22 3
3 23 5
3 24 2
3 26 2
3 27 3
3 28 1
3 30 2
3 31 6
3 5 5
3 6 5
4 6 2
4 7 3
4 13 1
4 14 5
4 15 1
4 18 1
4 20 1
4 25 3
4 27 3
4 28 4
4 31 6
5 9 3
5 12 2
5 13 3
5 15 1
5 16 2
5 18 3
5 20 3
5 23 2
5 24 1
5 25 5
5 30 5
6 12 3
6 13 4
6 19 6
6 22 4
6 23 5
6 24 3
6 28 2
6 29 2
6 8 1
7 11 2
7 13 5
7 15 5
7 17 6
7 18 4
7 20 5
7 21 4
7 25 2
7 32 5
8 9 1
8 14 4
8 16 4
8 18 3
8 19 4
8 20 5
8 24 6
8 27 5
8 31 1
9 11 6
9 13 3
9 15 2
9 20 3
9 22 2
9 23 2
9 26 5
9 27 2
9 32 1
9 10 3
10 11 4
10 12 1
10 13 1
10 14 5
10 16 2
10 18 3
10 19 2
10 21 4
10 23 1
10 25 1
10 31 3
11 12 5
11 14 6
11 28 6
11 30 2
11 31 2
12 15 1
12 16 3
12 17 6
12 21 5
12 22 1
13 14 3
13 15 1
13 16 4
13 18 2
13 21 6
13 25 5
13 26 1
13 27 2
13 30 2
13 32 2
14 15 6
14 16 3
14 18 2
14 19 1
14 21 6
14 22 4
14 23 1
14 24 4
14 27 6
14 30 3
14 31 3
14 32 5
15 16 3
15 18 6
15 19 2
15 20 6
15 21 1
15 26 6
15 28 1
15 29 2
15 31 1
16 24 2
16 25 5
16 27 1
16 28 4
16 29 4
16 32 4
17 20 4
17 23 3
17 24 4
17 27 1
17 29 1
17 19 5
18 20 4
18 24 6
18 26 6
18 27 3
18 19 5
19 21 6
19 25 4
19 30 4
19 31 1
19 32 5
19 23 6
20 21 3
20 26 6
20 27 2
20 29 5
21 24 3
21 27 3
21 30 5
21 32 6
21 22 2
21 23 5
22 23 6
22 24 6
22 27 5
22 29 6
23 24 4
23 25 5
23 27 3
23 28 4
23 29 4
23 31 2
24 25 4
24 27 6
24 29 5
25 26 2
25 28 2
25 29 3
25 31 5
25 32 4
26 27 4
26 32 5
27 29 6
27 32 3
27 31 5
28 29 5
28 30 5
28 31 5
29 32 6
30 31 3
30 32 5
31 32 1
1
14
19
27
