32 4 358
1 1 4 2 0 3 2 1 5 2 1 0 4 0 2 0 0 4 3 5 4 0 5 2 0 2 5 3 0 4 4 5
1 2 1
1 3 6
1 4 2
1 5 3
1 6 6
1 7 6
1 8 4
1 10 6
1 11 3
1 12 5
1 13 2
1 14 1
1 15 2
1 16 3
1 17 5
1 18 2
1 19 4
1 20 4
1 21 2
1 22 6
1 23 4
1 28 6
1 32 5
2 3 4
2 5 4
2 6 4
2 7 6
2 8 5
2 11 4
2 12 4
2 13 5
2 14 1
2 15 1
2 16 1
2 17 2
2 20 1
2 22 5
2 23 3
2 24 3
2 25 5
2 26 4
2 27 5
2 29 1
2 31 5
2 32 3
3 6 6
3 7 6
3 8 1
3 9 3
3 10 3
3 11 5
3 13 4
3 15 1
3 17 1
3 18 3
3 23 1
3 24 1
3 25 4
3 27 1
3 28 3
3 30 3
3 31 4
4 6 5
4 8 3
4 11 2
4 15 3
4 16 4
4 18 2
4 19 5
4 20 3
4 22 2
4 23 6
4 26 3
4 27 1
4 28 3
4 29 5
4 30 5
4 31 1
4 32 2
4 5 3
5 6 2
5 7 2
5 8 5
5 9 4
5 10 2
5 11 1
5 12 5
5 14 6
5 16 5
5 19 2
5 20 6
5 22 6
5 23 3
5 24 5
5 26 5
5 27 5
5 28 4
5 29 3
5 30 2
5 31 2
5 32 6
6 7 2
6 10 4
6 11 1
6 12 4
6 14 5
6 15 3
6 19 1
6 22 5
6 23 6
6 24 3
6 25 5
6 26 2
6 28 3
6 29 4
6 30 1
6 31 3
7 9 1
7 10 5
7 11 5
7 12 2
7 13 5
7 14 5
7 15 6
7 16 6
7 17 2
7 18 6
7 19 5
7 22 6
7 24 3
7 25 6
7 26 5
7 27 5
7 28 5
7 29 2
7 30 2
7 32 4
8 11 5
8 12 3
8 13 4
8 14 5
8 15 2
8 17 3
8 19 2
8 21 4
8 22 1
8 25 5
8 26 2
8 28 2
8 29 2
8 30 3
8 31 3
9 10 4
9 12 6
9 13 4
9 14 2
9 15 1
9 17 2
9 18 1
9 19 2
9 20 3
9 21 6
9 22 1
9 24 6
9 26 2
9 27 3
9 28 4
9 29 2
9 30 6
9 31 6
9 32 3
10 12 5
10 14 5
10 15 6
10 16 2
10 18 1
10 19 6
10 20 5
10 21 6
10 23 6
10 24 5
10 26 4
10 27 3
10 28 1
10 29 6
10 32 1
11 13 4
11 14 1
11 16 6
11 17 4
11 18 4
11 19 6
11 20 1
11 22 3
11 23 5
11 24 2
11 25 4
11 27 4
11 28 3
11 29 4
11 31 5
11 32 6
11 12 6
12 13 6
12 16 5
12 18 1
12 19 5
12 20 6
12 21 6
12 23 2
12 25 1
12 26 1
12 27 5
12 29 5
12 31 1
12 14 3
13 14 3
13 16 6
13 19 5
13 20 2
13 21 5
13 22 5
13 24 6
13 25 5
13 26 4
13 27 5
13 28 2
13 29 3
13 31 1
13 32 4
14 16 3
14 18 2
14 19 6
14 20 1
14 21 1
14 22 3
14 23 4
14 25 4
14 27 4
14 28 3
14 29 5
14 30 1
14 31 3
14 32 5
15 17 6
15 18 6
15 19 5
15 20 1
15 21 5
15 22 6
15 23 6
15 25 5
15 26 1
15 27 3
15 28 2
15 30 6
15 31 5
15 32 1
15 16 3
16 17 4
16 18 2
16 20 4
16 22 1
16 23 2
16 24 4
16 25 2
16 26 5
16 27 6
16 28 2
16 30 3
16 31 4
17 19 1
17 21 1
17 22 3
17 24 1
17 25 4
17 26 1
17 30 6
17 31 6
17 32 3
17 23 4
17 20 3
18 20 6
18 22 4
18 24 2
18 25 2
18 27 3
18 28 3
18 29 1
18 31 1
18 32 2
19 20 2
19 23 2
19 24 5
19 26 2
19 27 1
19 28 4
19 29 4
19 30 1
19 21 5
19 22 3
20 21 4
20 22 5
20 23 5
20 24 4
20 25 3
20 26 1
20 27 2
20 29 6
20 30 5
20 31 4
21 22 6
21 24 3
21 25 4
21 26 1
21 27 1
21 28 2
21 29 5
21 30 1
21 31 1
21 32 5
22 24 3
22 25 3
22 27 6
22 28 1
22 29 3
22 30 5
23 24 2
23 25 2
23 26 5
24 25 4
24 26 6
24 27 5
24 28 4
24 31 5
25 28 5
25 29 3
25 30 5
25 31 4
25 32 6
25 26 2
26 27 2
26 28 3
26 29 6
26 31 1
26 32 5
26 30 5
27 28 6
27 29 2
27 30 6
27 31 6
28 31 2
28 32 1
28 30 3
29 31 5
29 32 3
30 31 3
31 32 3
7
12
20
29
