32 4 320
3 2 2 4 5 4 2 0 0 3 1 2 0 4 3 0 5 3 5 2 0 3 1 4 3 3 5 2 0 2 3 2
1 2 6
1 3 1
1 4 3
1 5 2
1 6 5
1 7 3
1 8 4
1 11 2
1 13 6
1 15 2
1 18 3
1 19 5
1 20 6
1 22 3
1 24 4
1 25 5
1 26 1
1 28 4
1 29 4
1 30 4
1 31 4
2 3 1
2 4 5
2 6 5
2 7 3
2 8 2
2 9 4
2 10 5
2 11 1
2 12 1
2 13 5
2 14 6
2 15 5
2 16 4
2 19 3
2 25 1
2 30 1
3 4 5
3 5 3
3 7 3
3 10 1
3 12 6
3 13 1
3 15 5
3 16 5
3 17 1
3 18 6
3 21 4
3 23 5
3 24 3
3 25 2
3 29 4
3 30 5
3 31 6
4 5 1
4 9 1
4 10 5
4 11 3
4 13 4
4 14 4
4 16 5
4 17 3
4 18 3
4 20 2
4 21 4
4 22 6
4 24 2
4 26 1
4 27 2
4 31 4
4 6 3
5 6 6
5 10 4
5 12 5
5 14 4
5 15 6
5 16 5
5 17 1
5 18 4
5 19 2
5 21 3
5 22 5
5 24 6
5 25 2
5 26 1
5 28 6
5 29 6
5 31 3
5 32 6
5 7 3
6 7 6
6 10 6
6 13 5
6 14 1
6 15 1
6 16 6
6 17 6
6 18 1
6 20 4
6 21 6
6 22 4
6 23 3
6 24 3
6 26 4
6 27 4
6 29 4
6 30 1
6 31 1
6 32 6
7 8 1
7 10 4
7 12 3
7 13 2
7 15 3
7 16 1
7 17 5
7 19 3
7 20 2
7 22 6
7 23 4
7 29 2
7 30 2
7 31 5
7 32 2
8 12 3
8 15 5
8 18 2
8 19 1
8 20 2
8 21 6
8 22 2
8 24 5
8 25 2
8 26 5
8 28 2
8 30 4
8 31 6
8 32 4
9 10 6
9 11 6
9 14 4
9 16 3
9 20 5
9 21 1
9 23 5
9 24 6
9 25 6
9 31 5
9 32 4
9 15 4
9 13 4
10 11 5
10 12 2
10 13 5
10 17 4
10 18 5
10 19 4
10 20 3
10 21 4
10 23 3
10 25 6
10 26 2
10 27 6
10 29 1
10 30 4
10 32 1
10 16 6
11 12 4
11 13 2
11 14 6
11 17 1
11 19 5
11 20 4
11 22 3
11 24 6
11 25 1
11 26 5
11 27 4
11 29 6
11 30 3
12 14 3
12 16 4
12 17 3
12 19 6
12 20 5
12 21 4
12 22 1
12 23 2
12 24 5
12 25 3
12 26 5
12 27 5
12 28 6
12 29 2
12 30 2
12 31 2
12 32 1
12 15 6
13 14 4
13 16 5
13 17 5
13 21 4
13 22 5
13 24 1
13 25 5
13 26 1
13 27 2
13 29 1
13 30 5
14 15 5
14 18 2
14 19 4
14 20 4
14 22 6
14 26 5
14 27 1
14 29 1
14 30 3
14 31 5
14 32 4
15 16 4
15 17 6
15 18 4
15 19 5
15 20 1
15 24 5
15 26 2
15 27 5
15 29 4
15 30 4
15 31 6
15 32 1
16 17 6
16 18 6
16 20 4
16 23 2
16 24 1
16 26 1
16 27 2
16 30 6
17 18 1
17 19 4
17 20 5
17 21 4
17 22 6
17 24 2
17 26 2
17 28 6
17 29 6
17 30 5
17 32 5
18 21 2
18 22 6
18 23 4
18 24 4
18 25 2
18 26 5
18 27 4
18 29 6
18 30 1
18 31 3
18 32 3
19 20 5
19 21 4
19 22 5
19 24 5
19 25 2
19 30 2
19 32 6
20 21 5
20 22 5
20 23 1
20 24 6
20 25 3
20 27 2
20 28 6
20 30 1
20 31 6
21 22 5
21 23 4
21 24 3
21 25 5
21 26 5
21 27 1
21 28 3
21 31 3
22 23 2
22 24 4
22 27 5
22 28 5
22 29 3
22 32 4
23 25 5
23 26 4
23 28 5
23 29 1
23 30 6
23 32 6
24 25 6
24 26 6
24 27 3
24 28 5
24 30 2
25 28 4
25 30 3
25 31 5
25 32 4
25 27 1
25 26 6
26 27 4
26 29 6
26 32 6
27 28 5
28 30 6
28 29 6
29 30 5
29 31 5
29 32 6
30 31 5
31 32 3
2
14
23
31
