32 4 217
0 1 5 5 0 0 3 3 3 3 4 5 3 2 4 4 4 3 4 4 4 3 0 3 3 5 3 0 1 2 2 5
1 5 5
1 6 6
1 7 4
1 14 6
1 16 1
1 18 1
1 22 3
1 25 6
1 29 3
1 8 5
2 3 2
2 8 5
2 13 2
2 14 4
2 16 6
2 18 5
2 19 4
2 20 6
2 22 6
2 25 6
2 27 2
2 28 1
2 29 6
2 7 3
3 7 3
3 13 4
3 15 2
3 16 4
3 18 5
3 21 3
3 22 3
3 25 2
3 26 6
3 29 5
3 30 6
3 31 5
3 6 2
4 8 5
4 10 5
4 13 3
4 15 1
4 16 1
4 18 3
4 23 5
4 28 1
4 32 1
4 5 4
4 7 1
5 9 6
5 16 1
5 21 6
5 24 1
5 26 3
5 27 1
5 30 4
5 32 2
6 7 2
6 8 3
6 9 5
6 11 6
6 15 1
6 16 3
6 17 4
6 19 1
6 21 5
6 25 2
6 26 1
6 27 2
6 30 2
6 31 2
6 32 1
7 8 1
7 10 2
7 11 6
7 13 5
7 14 6
7 15 3
7 16 5
7 19 3
7 20 6
7 25 3
7 27 6
7 28 2
7 30 1
7 32 2
8 9 2
8 11 4
8 12 6
8 13 1
8 15 3
8 18 4
8 19 2
8 26 4
8 28 4
9 10 1
9 12 4
9 14 2
9 19 3
9 22 2
9 24 2
9 26 3
9 31 2
9 32 4
10 11 4
10 12 2
10 13 6
10 14 3
10 18 6
10 19 3
10 23 1
10 26 6
10 28 2
10 31 1
10 32 1
11 12 3
11 13 5
11 16 2
11 24 5
11 29 2
11 30 3
11 31 6
11 32 6
12 23 3
12 25 2
12 26 3
12 30 6
12 32 3
12 13 4
13 17 2
13 18 1
13 22 6
13 23 5
13 24 2
13 26 5
13 29 1
13 31 2
13 14 1
13 15 5
14 15 2
14 16 5
14 18 4
14 19 5
14 20 3
14 21 5
14 23 1
14 25 4
14 26 4
14 29 3
14 30 4
14 31 3
14 32 5
15 19 1
15 20 3
15 22 6
15 24 5
15 25 2
15 27 5
15 28 4
16 18 1
16 20 2
16 21 2
16 23 3
16 29 4
16 31 6
16 32 2
17 18 3
17 21 6
17 23 2
17 24 5
17 27 1
17 28 1
17 30 3
18 24 2
18 27 5
18 29 6
18 23 1
19 24 4
19 27 4
19 28 1
19 30 4
19 31 1
19 23 1
20 22 2
20 24 5
20 25 4
20 28 6
20 29 2
20 30 2
20 32 5
21 28 1
21 29 6
21 30 2
21 32 5
22 26 4
22 28 3
23 24 4
23 26 4
23 30 5
23 31 6
24 28 1
24 30 5
25 27 4
25 28 4
25 32 3
25 26 1
26 27 6
26 28 6
26 29 3
26 31 1
26 30 4
27 31 3
27 29 6
28 29 3
28 32 2
29 30 6
29 31 4
31 32 5
7
9
23
27
