32 4 458
0 5 4 5 2 1 4 0 5 4 0 4 3 3 1 3 5 0 2 1 4 5 2 4 4 3 5 2 4 2 5 5
1 2 6
1 4 3
1 5 4
1 6 3
1 7 2
1 8 4
1 9 6
1 10 6
1 11 3
1 13 4
1 14 2
1 15 6
1 16 1
1 17 4
1 18 5
1 20 5
1 21 4
1 22 4
1 23 2
1 24 5
1 25 6
1 26 5
1 27 3
1 28 3
1 29 1
1 31 2
1 32 2
2 3 2
2 4 6
2 5 4
2 6 3
2 7 6
2 9 6
2 10 2
2 11 3
2 12 2
2 13 3
2 14 3
2 15 1
2 16 4
2 17 5
2 18 3
2 19 6
2 20 4
2 21 1
2 22 4
2 23 1
2 24 5
2 25 5
2 26 1
2 28 6
2 29 4
2 30 1
2 31 3
2 32 6
3 4 1
3 5 6
3 6 1
3 7 2
3 8 2
3 9 4
3 10 4
3 11 1
3 12 2
3 13 2
3 14 6
3 15 3
3 16 6
3 17 2
3 18 1
3 19 3
3 20 5
3 21 4
3 22 5
3 23 5
3 24 2
3 25 4
3 26 1
3 27 4
3 28 1
3 29 5
3 30 2
3 31 4
3 32 2
4 5 3
4 6 1
4 7 1
4 8 3
4 9 4
4 10 4
4 11 1
4 12 5
4 13 3
4 14 4
4 15 5
4 16 3
4 17 3
4 18 5
4 19 6
4 20 1
4 21 2
4 22 5
4 23 1
4 24 3
4 25 2
4 26 3
4 27 4
4 28 6
4 29 2
4 30 3
4 31 5
4 32 5
5 6 2
5 7 5
5 8 1
5 9 3
5 10 2
5 11 5
5 12 1
5 13 2
5 14 2
5 15 5
5 16 2
5 17 6
5 18 5
5 19 3
5 20 2
5 21 5
5 22 2
5 23 4
5 24 4
5 25 1
5 26 2
5 27 4
5 28 4
5 29 3
5 30 3
5 31 3
5 32 4
6 8 3
6 9 2
6 10 6
6 11 3
6 12 6
6 13 3
6 14 3
6 15 6
6 16 6
6 17 3
6 19 4
6 20 2
6 21 4
6 22 2
6 23 3
6 24 6
6 26 4
6 27 4
6 28 4
6 29 6
6 30 1
6 31 5
6 32 3
6 7 2
7 8 5
7 9 1
7 10 1
7 11 5
7 12 5
7 13 4
7 14 6
7 15 4
7 16 3
7 17 1
7 18 1
7 19 4
7 20 6
7 21 5
7 22 6
7 23 2
7 24 3
7 25 6
7 26 2
7 27 1
7 28 1
7 29 6
7 31 3
7 32 6
8 9 4
8 10 5
8 11 2
8 12 4
8 13 5
8 14 6
8 15 2
8 16 4
8 17 6
8 18 2
8 20 6
8 21 4
8 22 6
8 23 6
8 24 4
8 25 3
8 26 4
8 27 1
8 28 2
8 29 4
8 31 1
8 32 1
9 10 3
9 11 3
9 12 3
9 13 3
9 14 2
9 15 3
9 16 3
9 17 2
9 18 5
9 19 4
9 20 3
9 21 2
9 22 1
9 23 6
9 24 2
9 25 6
9 26 4
9 27 1
9 28 5
9 29 2
9 30 6
9 31 1
9 32 1
10 11 6
10 12 4
10 13 4
10 14 2
10 15 4
10 16 5
10 17 2
10 18 1
10 19 6
10 20 1
10 21 3
10 22 2
10 23 3
10 24 6
10 25 6
10 26 5
10 27 1
10 28 5
10 29 4
10 30 1
10 31 2
11 13 6
11 14 1
11 15 6
11 16 2
11 17 3
11 18 1
11 19 6
11 20 4
11 22 4
11 23 5
11 24 3
11 26 2
11 27 5
11 28 5
11 29 5
11 30 1
11 32 4
12 13 4
12 14 5
12 15 1
12 16 4
12 17 4
12 18 6
12 19 1
12 21 5
12 23 5
12 24 3
12 26 4
12 27 5
12 28 5
12 29 1
12 30 3
12 31 2
12 32 4
13 14 6
13 15 1
13 16 3
13 18 5
13 19 5
13 20 4
13 21 5
13 22 2
13 23 5
13 24 5
13 25 3
13 26 4
13 27 3
13 29 1
13 30 3
13 31 3
13 32 5
14 15 4
14 16 3
14 18 6
14 20 3
14 21 2
14 22 6
14 24 6
14 25 4
14 26 2
14 27 5
14 28 5
14 29 5
14 31 4
14 32 4
15 16 5
15 17 2
15 19 5
15 20 5
15 21 6
15 22 3
15 23 6
15 24 5
15 25 1
15 26 5
15 27 3
15 28 2
15 29 2
15 30 6
15 31 2
15 32 6
16 17 3
16 18 2
16 19 5
16 20 6
16 21 6
16 22 5
16 23 3
16 25 1
16 26 1
16 27 5
16 28 5
16 29 3
16 30 4
16 31 4
17 18 4
17 19 3
17 21 5
17 22 4
17 23 6
17 24 4
17 25 4
17 26 4
17 27 6
17 28 3
17 29 3
17 30 1
17 31 2
17 32 1
18 19 2
18 20 4
18 22 3
18 23 1
18 24 6
18 25 1
18 26 1
18 27 1
18 28 4
18 29 3
18 32 5
19 20 3
19 21 2
19 22 1
19 23 5
19 25 4
19 26 2
19 27 1
19 28 2
19 29 1
19 30 1
19 31 2
19 32 6
20 21 4
20 22 3
20 23 5
20 24 5
20 25 3
20 26 5
20 27 6
20 28 4
20 29 5
20 30 1
20 31 4
20 32 4
21 22 3
21 23 1
21 24 6
21 26 2
21 27 3
21 28 4
21 29 5
21 30 3
21 31 1
21 32 3
22 23 2
22 24 6
22 25 4
22 26 2
22 27 4
22 28 6
22 29 4
22 30 3
22 31 1
22 32 2
23 24 4
23 25 1
23 26 5
23 27 3
23 28 3
23 29 6
23 30 5
23 31 2
23 32 1
24 25 1
24 26 6
24 27 5
24 29 3
24 30 6
24 31 5
24 32 4
25 26 1
25 28 6
25 29 3
25 30 6
25 31 6
25 32 2
26 27 1
26 28 2
26 29 1
26 30 2
26 31 4
26 32 6
27 28 5
27 29 3
27 31 3
27 32 2
28 29 3
28 30 2
28 31 6
28 32 5
29 30 6
29 31 5
29 32 2
30 32 2
31 32 3
5
13
19
29
