32 4 453
5 5 2 0 2 2 3 2 4 3 2 3 3 4 0 1 5 2 2 2 3 3 4 0 2 1 3 1 0 0 2 1
1 2 5
1 3 1
1 4 1
1 5 1
1 7 6
1 8 6
1 9 5
1 10 1
1 11 4
1 12 4
1 14 2
1 15 5
1 16 3
1 17 2
1 18 3
1 19 4
1 20 4
1 21 4
1 22 2
1 23 3
1 24 3
1 25 4
1 26 5
1 27 2
1 28 6
1 29 2
1 30 6
1 31 1
1 32 6
1 6 1
2 3 6
2 4 2
2 5 6
2 7 5
2 8 2
2 9 3
2 10 2
2 11 3
2 12 4
2 13 6
2 15 3
2 16 6
2 17 6
2 18 3
2 20 5
2 21 5
2 22 6
2 23 6
2 24 1
2 25 6
2 26 3
2 27 2
2 28 5
2 29 6
2 30 5
2 32 6
3 8 4
3 9 5
3 10 3
3 11 3
3 12 6
3 13 1
3 14 4
3 15 5
3 16 3
3 17 3
3 18 1
3 20 3
3 21 2
3 22 2
3 23 3
3 24 6
3 25 4
3 26 3
3 27 1
3 28 5
3 29 2
3 30 6
3 31 4
3 32 3
3 5 6
4 5 3
4 6 5
4 7 3
4 8 6
4 9 1
4 10 3
4 11 1
4 12 2
4 13 2
4 15 6
4 16 4
4 17 4
4 18 3
4 19 2
4 20 4
4 21 4
4 22 4
4 23 1
4 24 3
4 25 3
4 26 4
4 27 4
4 29 4
4 30 3
4 31 4
4 32 2
5 6 3
5 7 2
5 9 2
5 10 3
5 11 2
5 12 2
5 13 2
5 14 4
5 15 4
5 17 5
5 18 2
5 19 4
5 20 4
5 21 3
5 22 6
5 25 1
5 26 1
5 27 1
5 28 1
5 29 6
5 31 1
5 8 3
6 7 5
6 8 1
6 9 4
6 10 5
6 11 3
6 12 6
6 13 4
6 14 5
6 15 2
6 16 1
6 17 2
6 18 5
6 19 1
6 20 4
6 21 5
6 22 5
6 24 2
6 25 6
6 26 6
6 27 3
6 29 5
6 30 5
6 31 1
7 9 4
7 10 6
7 11 6
7 12 1
7 13 5
7 14 2
7 15 2
7 16 6
7 17 1
7 18 1
7 19 3
7 20 3
7 21 1
7 22 4
7 23 3
7 24 1
7 25 3
7 26 4
7 27 3
7 30 2
7 31 4
7 32 3
8 9 3
8 10 3
8 11 3
8 12 4
8 13 5
8 14 6
8 15 4
8 16 6
8 17 6
8 18 5
8 19 4
8 20 2
8 21 6
8 22 6
8 23 1
8 24 5
8 25 6
8 26 6
8 27 6
8 28 3
8 29 2
8 30 3
8 31 4
8 32 2
9 10 1
9 11 2
9 12 1
9 13 2
9 14 3
9 15 5
9 16 1
9 18 6
9 19 1
9 20 2
9 21 4
9 22 5
9 23 5
9 24 6
9 25 6
9 26 4
9 27 5
9 28 2
9 29 5
9 30 3
9 31 5
9 32 1
10 11 1
10 12 1
10 13 4
10 14 2
10 16 3
10 17 2
10 18 6
10 19 4
10 20 4
10 21 5
10 22 1
10 23 4
10 24 5
10 25 6
10 26 3
10 27 5
10 28 3
10 29 2
10 30 1
10 31 3
10 32 4
11 13 2
11 14 6
11 15 2
11 16 1
11 18 5
11 19 4
11 20 4
11 21 3
11 22 5
11 24 2
11 25 5
11 26 2
11 27 1
11 28 4
11 29 6
11 30 5
11 31 1
11 32 2
12 13 3
12 14 3
12 15 6
12 16 6
12 17 5
12 18 1
12 19 3
12 20 3
12 21 4
12 22 6
12 23 1
12 24 6
12 25 2
12 26 2
12 27 1
12 30 5
12 31 2
12 32 5
13 14 1
13 15 4
13 16 1
13 17 1
13 18 2
13 19 4
13 20 1
13 22 6
13 23 3
13 24 6
13 25 2
13 26 6
13 27 4
13 28 3
13 29 3
13 30 5
13 31 6
13 32 5
14 15 6
14 16 1
14 17 6
14 18 3
14 19 6
14 20 5
14 21 5
14 22 6
14 24 5
14 25 2
14 26 6
14 27 6
14 28 2
14 29 2
14 30 2
14 31 5
14 32 2
15 16 4
15 17 1
15 18 4
15 19 1
15 20 2
15 21 5
15 22 5
15 23 6
15 24 5
15 25 5
15 26 4
15 27 2
15 28 3
15 29 5
15 31 2
15 32 2
16 17 1
16 18 2
16 19 4
16 20 4
16 21 1
16 22 3
16 23 4
16 24 4
16 25 4
16 26 2
16 27 5
16 28 5
16 29 5
16 30 6
16 32 2
17 18 6
17 19 3
17 21 2
17 22 4
17 23 5
17 24 3
17 25 6
17 26 4
17 27 2
17 28 1
17 29 5
17 30 2
17 31 4
17 32 2
18 19 5
18 20 6
18 21 5
18 22 1
18 23 2
18 24 4
18 25 1
18 27 6
18 28 6
18 29 3
18 30 4
18 31 3
18 32 4
19 20 6
19 21 6
19 22 4
19 23 2
19 24 6
19 25 6
19 26 2
19 27 6
19 29 5
19 30 4
19 31 5
19 32 1
20 21 5
20 22 3
20 24 1
20 25 5
20 26 3
20 27 4
20 28 5
20 29 6
20 30 3
20 31 2
20 32 1
21 22 5
21 23 1
21 24 3
21 25 3
21 26 4
21 28 2
21 29 6
21 31 4
21 32 5
22 23 2
22 24 5
22 25 2
22 26 2
22 27 5
22 28 6
22 29 4
22 30 6
22 31 5
22 32 3
23 25 3
23 26 6
23 27 2
23 28 4
23 29 6
23 30 6
23 31 3
23 32 3
24 25 1
24 26 6
24 27 4
24 28 4
24 29 4
24 30 1
24 31 5
24 32 4
25 26 5
25 28 6
25 29 6
25 30 5
25 32 4
26 27 6
26 28 1
26 30 6
26 31 1
26 32 1
26 29 5
27 28 6
27 29 2
27 30 3
27 31 1
27 32 3
28 29 6
28 30 1
28 31 5
29 30 4
29 31 2
29 32 4
30 32 4
30 31 1
31 32 2
6
10
20
28
