32 4 180
1 4 3 3 1 5 2 0 4 5 3 5 1 3 2 3 2 1 1 1 3 4 1 3 2 3 2 2 5 2 2 1
1 2 2
1 3 4
1 10 6
1 14 2
1 16 5
1 18 5
1 21 5
1 24 6
1 26 2
1 30 6
1 5 5
2 15 6
2 17 6
2 20 2
2 21 1
2 22 6
2 24 3
2 25 3
2 27 4
2 28 6
2 30 5
2 31 3
2 4 5
3 4 1
3 5 2
3 7 6
3 9 2
3 11 1
3 19 3
3 22 3
3 25 6
3 27 3
4 6 2
4 10 5
4 12 6
4 14 1
4 17 3
4 24 6
4 26 6
4 29 6
4 7 3
5 11 4
5 12 2
5 14 1
5 15 4
5 17 3
5 20 2
5 21 1
5 26 3
5 7 1
6 8 3
6 10 3
6 14 2
6 18 3
6 19 3
6 20 2
6 22 1
6 23 5
6 24 6
6 28 6
6 32 5
7 10 3
7 16 3
7 17 3
7 18 6
7 24 2
7 25 3
7 26 6
7 28 4
7 29 6
8 9 5
8 13 2
8 19 2
8 22 2
8 26 2
8 27 4
8 29 1
8 30 1
8 31 5
9 10 3
9 15 1
9 21 4
9 22 2
9 23 6
9 31 3
9 11 6
10 17 5
10 18 1
10 20 4
10 23 1
10 24 1
10 27 1
10 31 4
10 14 6
10 15 1
10 11 4
11 12 3
11 13 5
11 14 1
11 17 1
11 19 4
11 23 3
11 24 2
11 16 5
12 20 2
12 23 4
12 26 2
12 27 4
12 28 5
12 29 3
12 32 4
12 13 2
13 16 1
13 20 6
13 27 4
13 28 6
14 15 6
14 20 1
14 24 6
14 28 2
15 24 1
15 28 6
15 30 6
15 32 2
16 17 4
16 22 3
16 24 3
16 26 1
16 27 5
16 30 3
17 18 1
17 19 6
17 21 6
17 23 6
17 24 6
17 26 4
17 27 2
17 28 5
17 31 3
17 32 3
18 19 4
18 30 1
18 31 5
18 21 3
19 20 4
19 23 5
19 30 1
19 32 4
19 21 6
20 28 5
20 32 5
20 23 1
20 24 3
21 24 2
21 27 6
21 32 6
21 22 3
22 23 4
22 29 1
22 32 6
23 24 1
23 25 4
23 29 5
24 25 1
24 27 6
24 32 2
25 28 3
25 29 6
25 30 2
25 26 1
25 31 3
26 31 6
26 27 6
26 30 5
27 28 2
28 29 3
29 30 2
29 32 4
30 31 1
31 32 3
5
9
18
31
