32 4 260
3 5 1 3 5 0 3 4 3 2 5 4 1 1 3 3 1 5 2 3 2 1 0 0 3 0 4 5 1 4 3 0
1 2 1
1 6 3
1 8 6
1 9 3
1 10 5
1 12 4
1 14 1
1 17 1
1 18 3
1 22 1
1 25 6
1 26 1
1 29 1
1 7 2
1 5 1
2 7 1
2 8 6
2 9 5
2 13 4
2 14 2
2 19 2
2 20 6
2 22 5
2 24 5
2 26 5
2 31 1
2 3 5
3 6 1
3 9 3
3 10 2
3 11 4
3 13 2
3 15 3
3 16 2
3 17 5
3 30 1
4 7 4
4 9 2
4 10 2
4 12 1
4 15 4
4 17 2
4 19 4
4 20 1
4 21 1
4 22 4
4 23 6
4 25 6
4 29 5
4 30 5
4 6 6
5 9 5
5 10 5
5 12 3
5 13 4
5 15 5
5 17 5
5 19 4
5 22 3
5 23 2
5 24 6
5 27 3
5 32 1
5 8 3
6 7 1
6 8 3
6 9 2
6 10 6
6 11 2
6 15 1
6 16 6
6 19 3
6 20 4
6 25 6
6 28 2
6 30 1
6 32 1
7 8 6
7 9 3
7 10 3
7 12 1
7 13 2
7 14 2
7 15 3
7 16 6
7 21 4
7 22 5
7 23 2
7 24 6
7 26 3
7 27 2
7 28 5
7 30 4
8 9 6
8 10 1
8 11 1
8 12 2
8 16 3
8 17 6
8 18 6
8 21 1
8 25 1
8 26 5
8 28 5
8 29 3
8 31 5
8 32 2
9 10 4
9 11 5
9 14 1
9 15 2
9 17 1
9 18 4
9 20 4
9 24 4
9 25 6
9 26 5
9 28 3
9 30 3
9 31 3
9 32 1
9 16 5
10 12 1
10 13 2
10 15 2
10 19 1
10 21 5
10 23 4
10 24 5
10 26 5
10 29 4
10 31 5
10 11 5
11 12 3
11 14 4
11 15 3
11 16 2
11 17 2
11 20 4
11 21 6
11 22 1
11 23 4
11 24 2
11 26 3
11 27 3
11 29 2
11 30 5
11 13 4
12 15 3
12 18 1
12 20 1
12 21 4
12 23 1
12 24 3
12 25 3
12 26 2
12 27 4
12 28 3
12 29 6
12 32 6
12 14 3
13 16 3
13 17 2
13 22 5
13 24 5
13 26 1
13 27 3
13 28 4
13 30 2
13 31 6
14 15 4
14 17 5
14 21 6
14 24 3
14 26 6
14 27 3
14 28 1
14 29 4
14 30 1
14 31 4
15 18 3
15 19 2
15 20 1
15 21 5
15 23 2
15 24 5
15 28 1
15 29 2
16 18 2
16 19 6
16 24 5
16 25 5
16 26 1
16 29 1
16 31 3
16 32 1
17 19 1
17 21 4
17 22 3
17 28 6
17 29 3
17 31 3
18 20 4
18 21 4
18 22 6
18 25 2
18 28 1
18 30 6
18 31 1
18 32 6
18 19 3
19 22 1
19 23 1
19 25 2
19 26 1
19 28 5
19 29 4
19 31 3
19 32 5
19 24 6
20 22 4
20 24 6
20 26 5
20 27 6
20 28 1
20 30 3
21 23 6
21 26 2
21 30 6
21 31 4
21 32 6
22 24 3
22 25 3
23 24 5
23 26 5
23 28 1
23 31 3
23 32 3
24 26 5
24 28 5
24 31 6
24 32 4
25 26 6
25 27 4
25 28 4
25 29 2
25 31 5
25 32 5
26 27 4
26 29 2
27 28 6
27 29 6
28 30 5
28 31 3
28 29 5
29 31 6
29 32 2
30 31 2
30 32 2
31 32 4
5
13
17
26
