32 4 112
2 4 4 5 1 0 5 3 5 1 1 1 5 2 5 5 0 0 2 5 4 2 0 0 4 1 2 2 3 1 0 0
1 2 4
1 3 3
1 5 6
1 11 5
1 28 1
1 29 4
1 31 3
2 16 2
2 22 3
2 24 3
2 6 4
3 7 4
3 11 1
3 14 3
3 18 3
3 28 6
3 30 5
4 25 3
4 28 5
4 30 6
4 5 1
5 8 1
5 10 6
5 17 1
5 19 1
5 20 4
5 30 4
5 32 5
5 6 4
6 8 6
7 19 2
7 23 6
7 30 2
8 13 4
8 26 2
8 31 4
9 10 3
9 13 5
9 14 5
9 18 4
9 29 6
9 15 4
10 16 6
10 17 6
10 27 4
10 30 4
10 32 3
10 11 6
10 12 6
11 20 4
11 22 3
11 23 6
11 27 5
11 29 2
12 14 6
12 16 2
12 21 6
13 18 2
13 23 6
13 26 6
13 30 6
13 32 2
13 15 4
13 14 6
14 28 1
14 29 3
15 17 2
15 20 2
15 27 2
15 29 6
16 24 2
16 26 1
16 28 2
17 20 3
17 26 5
17 27 6
17 31 3
17 32 5
17 23 3
17 24 1
18 24 2
18 26 3
18 30 4
18 23 1
19 27 5
19 30 5
19 22 2
19 21 1
20 23 1
20 24 3
21 22 4
21 26 2
21 29 4
21 24 6
22 28 2
22 29 5
23 26 2
23 32 3
24 27 2
24 29 3
25 28 4
25 29 4
25 32 5
25 27 5
26 27 6
26 31 5
26 32 5
27 30 5
28 31 2
28 29 5
29 31 3
30 31 6
6
9
22
25
