40 5 385
1 5 2 4 1 0 0 1 2 5 0 4 2 3 2 3 0 2 5 1 2 0 5 3 5 2 0 3 1 4 5 3 4 4 0 3 3 3 3 5
1 2 4
1 4 6
1 5 6
1 6 6
1 9 4
1 11 3
1 16 1
1 21 2
1 24 5
1 27 3
1 30 3
1 31 2
1 35 3
1 38 4
1 39 5
1 7 3
2 3 1
2 8 2
2 9 6
2 10 4
2 11 4
2 12 2
2 13 4
2 15 1
2 17 5
2 18 6
2 20 6
2 21 1
2 23 6
2 25 1
2 26 5
2 27 3
2 34 4
2 39 6
2 5 5
2 7 3
3 4 2
3 5 1
3 6 6
3 7 2
3 10 3
3 11 2
3 12 4
3 14 4
3 16 3
3 17 5
3 19 5
3 22 6
3 23 6
3 24 1
3 27 6
3 29 5
3 30 4
3 31 3
3 33 4
3 36 4
3 38 1
3 40 1
4 5 1
4 9 4
4 10 5
4 13 3
4 21 5
4 22 3
4 25 5
4 27 3
4 31 4
4 33 3
4 34 5
4 35 1
4 38 2
4 40 4
5 7 4
5 10 4
5 11 6
5 13 6
5 14 3
5 18 3
5 19 4
5 21 2
5 23 1
5 25 4
5 26 4
5 28 4
5 33 1
5 34 2
5 37 4
5 38 3
6 7 5
6 10 4
6 13 6
6 16 1
6 20 5
6 21 2
6 23 4
6 25 6
6 28 5
6 31 3
6 32 4
6 33 6
6 35 2
6 39 6
7 11 2
7 13 5
7 14 5
7 15 2
7 17 3
7 18 1
7 23 3
7 28 1
7 31 5
7 34 1
7 35 1
7 37 1
7 38 3
7 8 3
8 9 2
8 11 6
8 12 4
8 15 2
8 16 1
8 18 3
8 19 3
8 20 3
8 21 6
8 24 1
8 26 4
8 27 1
8 32 5
8 37 6
8 38 5
8 40 2
9 13 6
9 14 2
9 15 3
9 18 4
9 19 4
9 20 2
9 21 3
9 26 5
9 29 5
9 31 1
9 32 3
9 33 2
9 36 2
9 37 2
9 39 2
9 11 4
10 11 3
10 16 3
10 20 5
10 23 4
10 24 5
10 25 3
10 26 2
10 27 6
10 30 6
10 32 3
10 33 5
10 37 6
10 38 4
10 39 1
10 40 1
10 14 5
11 12 5
11 13 6
11 15 6
11 17 4
11 18 4
11 20 1
11 21 2
11 23 6
11 32 5
11 35 3
11 36 4
12 13 4
12 15 1
12 20 2
12 21 1
12 23 4
12 28 2
12 29 5
12 30 4
12 32 3
12 34 3
12 35 4
12 36 2
12 37 3
12 39 2
12 40 4
12 16 5
13 15 3
13 17 6
13 21 3
13 23 5
13 24 6
13 26 6
13 27 2
13 28 4
13 30 6
13 32 5
13 34 2
13 35 6
13 36 6
13 38 2
13 39 3
13 40 6
14 15 1
14 17 3
14 21 5
14 22 5
14 25 4
14 26 2
14 27 2
14 29 2
14 30 1
14 33 1
14 37 2
15 17 4
15 18 4
15 19 5
15 23 3
15 24 6
15 27 1
15 29 6
15 37 5
15 39 4
15 40 2
16 19 1
16 20 6
16 21 3
16 23 4
16 26 4
16 27 2
16 31 1
16 32 2
16 33 1
16 35 6
16 36 4
16 37 6
16 38 1
16 39 1
16 40 3
17 19 4
17 20 1
17 21 2
17 22 2
17 24 3
17 27 4
17 28 4
17 30 4
17 33 6
17 36 6
17 18 1
18 21 6
18 24 4
18 25 6
18 27 6
18 37 3
18 40 5
18 19 4
19 21 4
19 22 5
19 24 2
19 27 2
19 28 4
19 29 2
19 31 4
19 32 5
19 33 3
19 35 4
19 40 5
20 24 1
20 26 6
20 28 3
20 30 4
20 32 6
20 33 1
20 34 1
20 35 6
20 37 4
20 38 3
20 39 3
20 40 1
21 23 2
21 25 6
21 26 3
21 29 5
21 30 6
21 32 6
21 34 5
21 36 3
21 37 2
21 38 1
21 24 2
22 23 3
22 25 6
22 28 1
22 29 2
22 30 5
22 33 4
22 36 3
22 37 3
22 39 5
22 24 5
23 24 5
23 26 5
23 30 4
23 31 6
23 32 4
23 33 2
23 34 2
23 35 5
23 36 1
23 37 5
24 28 3
24 30 2
24 32 6
24 33 5
24 34 4
24 35 2
24 38 3
25 27 5
25 28 3
25 30 6
25 33 6
25 34 6
25 35 1
25 36 4
25 38 2
25 39 4
25 26 6
26 27 6
26 30 6
26 35 1
26 37 3
27 28 3
27 29 6
27 30 4
27 33 3
27 34 2
27 36 4
27 37 5
27 40 2
28 29 5
28 30 6
28 31 4
28 33 5
28 35 1
28 36 3
28 32 1
29 30 1
29 31 2
29 32 2
29 39 2
30 31 6
30 32 1
30 36 5
30 38 5
30 40 3
31 35 3
31 36 5
31 37 4
31 38 6
32 33 3
32 37 4
32 39 1
33 34 3
33 38 2
33 40 4
33 35 3
33 37 2
33 39 4
34 36 4
34 37 3
34 39 4
35 37 3
35 40 4
36 38 6
36 39 1
36 40 1
37 39 5
38 39 2
38 40 5
39 40 3
6
10
17
29
36
