40 5 323
1 3 4 1 2 3 4 1 1 5 4 0 1 1 4 2 3 2 4 4 1 4 0 5 2 4 4 4 5 0 4 3 1 5 0 0 0 0 0 0
1 2 2
1 3 5
1 4 4
1 5 2
1 10 2
1 11 6
1 16 6
1 20 6
1 25 2
1 26 4
1 28 3
1 30 2
1 32 3
1 36 4
1 38 4
1 39 5
2 8 5
2 9 2
2 10 5
2 12 2
2 13 3
2 15 1
2 18 3
2 21 4
2 22 5
2 23 4
2 25 4
2 31 3
2 5 2
3 6 5
3 7 3
3 13 4
3 14 5
3 19 2
3 22 1
3 23 6
3 24 1
3 25 2
3 27 2
3 29 3
3 31 1
3 32 2
3 33 6
3 35 1
3 36 6
3 40 2
4 5 5
4 8 6
4 11 3
4 12 1
4 15 3
4 17 6
4 19 2
4 20 2
4 21 4
4 23 3
4 25 2
4 27 4
4 28 4
4 29 5
4 31 2
4 34 4
4 35 5
4 37 4
4 40 4
4 6 2
4 7 1
5 10 4
5 11 5
5 12 1
5 14 4
5 16 1
5 18 1
5 22 1
5 34 5
5 35 4
5 37 4
5 39 3
5 8 5
6 8 4
6 10 4
6 13 3
6 16 1
6 21 6
6 22 4
6 25 2
6 26 2
6 31 1
6 33 1
6 39 5
7 12 3
7 14 5
7 15 2
7 16 1
7 18 6
7 19 6
7 21 2
7 27 6
7 28 2
7 29 3
7 30 5
7 31 5
7 32 4
7 36 3
7 37 6
8 12 2
8 13 6
8 15 4
8 17 1
8 18 5
8 22 6
8 23 5
8 25 4
8 26 6
8 29 1
8 32 6
8 34 6
8 35 3
8 38 5
9 10 1
9 12 1
9 14 1
9 17 1
9 18 6
9 19 2
9 21 6
9 23 3
9 24 2
9 28 1
9 29 2
9 30 4
9 32 3
9 35 4
9 38 2
9 13 5
10 11 3
10 13 5
10 15 3
10 16 4
10 18 6
10 19 2
10 26 6
10 29 6
10 30 6
10 32 4
10 34 3
10 38 3
10 39 2
10 12 3
11 15 4
11 19 3
11 23 2
11 24 3
11 27 2
11 30 6
11 31 3
11 32 2
11 36 1
11 37 2
11 40 5
11 14 5
12 15 5
12 16 4
12 18 3
12 20 1
12 22 6
12 24 2
12 26 6
12 29 3
12 35 6
12 36 2
12 40 5
13 14 4
13 15 4
13 19 6
13 21 3
13 22 4
13 25 3
13 32 2
13 34 4
13 35 6
13 36 2
13 37 3
13 38 4
13 39 5
13 16 6
14 15 6
14 16 5
14 17 6
14 18 5
14 22 6
14 23 2
14 30 4
14 33 3
14 34 5
14 37 3
15 22 1
15 23 5
15 24 6
15 27 4
15 31 1
15 39 2
16 18 3
16 19 5
16 21 4
16 24 6
16 25 3
16 26 1
16 27 1
16 31 4
16 38 1
16 39 4
17 18 3
17 20 4
17 26 2
17 28 1
17 29 3
17 30 6
17 37 5
17 40 4
17 19 5
18 19 4
18 20 1
18 21 4
18 22 4
18 24 6
18 27 6
18 32 5
18 38 3
19 21 1
19 23 3
19 25 4
19 26 5
19 28 5
19 31 5
19 32 6
19 40 5
20 21 6
20 24 4
20 29 3
20 34 5
20 36 5
20 38 4
20 40 6
21 26 1
21 28 5
21 33 1
21 35 4
21 37 1
21 39 6
21 24 5
22 24 5
22 25 1
22 29 1
22 31 1
22 32 2
22 33 1
22 34 3
22 36 4
22 39 3
22 40 3
22 23 4
23 24 4
23 27 1
23 34 2
23 36 5
23 40 3
24 25 4
24 29 1
24 33 1
24 37 3
24 38 6
25 26 4
25 27 2
25 35 6
25 38 4
25 39 5
25 29 3
26 27 6
26 28 4
26 32 4
26 34 3
26 35 3
26 38 3
26 30 6
27 28 6
27 31 4
27 33 6
27 37 2
27 39 3
27 40 2
28 29 3
28 32 5
28 40 3
29 30 4
29 36 1
29 38 4
29 39 6
30 34 5
30 35 4
30 36 6
30 31 2
30 32 1
31 34 3
31 35 2
31 39 5
31 40 1
32 33 6
32 39 3
33 34 2
33 36 3
33 38 6
33 35 2
34 35 5
34 36 6
34 38 2
35 37 1
35 38 5
36 37 4
36 39 1
37 40 3
37 39 2
38 40 3
7
15
23
30
34
