40 5 188
0 0 3 1 4 0 3 0 1 0 1 4 4 3 3 4 2 4 5 1 2 0 1 1 5 5 5 4 4 0 0 4 5 5 3 0 4 1 1 1
1 3 4
1 19 3
1 20 3
1 24 2
1 28 1
1 30 2
1 35 6
1 36 3
1 38 6
1 39 3
1 7 2
2 4 4
2 5 2
2 11 3
2 17 5
2 35 4
2 3 2
2 6 3
3 19 2
3 22 3
3 24 6
3 29 3
3 30 3
4 8 6
4 10 5
4 11 1
4 20 2
4 25 4
4 28 3
4 32 3
4 39 3
5 10 5
5 13 2
5 14 1
5 16 6
5 17 5
5 21 3
5 32 6
5 7 6
6 9 4
6 11 3
6 17 6
6 19 5
6 25 2
6 36 4
6 40 3
7 15 3
7 23 1
7 24 6
7 27 4
7 28 6
7 32 1
7 35 2
7 38 2
7 8 3
8 13 4
8 23 6
8 25 2
8 26 3
8 33 5
8 38 3
9 18 3
9 19 2
9 25 6
9 27 6
9 29 5
9 31 2
9 32 4
9 36 2
9 12 3
9 14 6
10 11 6
10 17 2
10 20 5
10 21 2
10 22 1
10 25 1
10 31 1
10 32 1
10 35 1
10 14 4
10 16 3
11 25 2
11 28 6
11 29 6
11 30 5
11 33 2
11 35 4
11 16 2
12 19 5
12 27 4
12 28 2
12 29 1
12 31 6
12 38 3
13 15 6
13 25 4
13 33 1
13 38 2
13 40 4
13 16 1
14 16 4
14 21 3
14 34 1
14 35 1
14 39 5
14 15 5
15 19 3
15 34 4
15 35 4
15 40 4
16 17 1
16 20 5
16 21 3
16 22 2
16 28 3
16 29 2
17 18 3
17 20 4
17 21 4
17 24 3
17 39 3
17 40 4
18 23 1
18 25 3
18 27 4
18 31 1
18 33 3
18 36 3
18 37 2
18 24 1
19 25 3
19 27 6
19 37 5
19 38 5
19 22 4
19 24 1
20 22 1
20 28 4
20 29 5
20 24 5
21 30 4
21 23 4
22 23 1
22 28 4
22 31 4
22 36 3
22 39 1
23 38 2
23 24 4
24 25 4
24 29 6
24 34 2
25 27 5
25 30 6
25 32 4
25 35 4
25 36 4
25 40 3
26 35 1
26 32 2
27 32 4
27 35 5
28 30 4
28 33 5
29 34 3
29 35 3
29 37 4
29 39 5
29 31 2
29 30 1
30 31 4
30 33 4
30 32 6
31 33 5
32 36 6
33 36 3
33 37 5
33 34 6
34 38 4
34 39 6
34 37 2
35 40 6
35 36 2
35 39 1
36 40 2
37 38 1
38 40 6
7
13
18
29
35
