40 5 714
0 5 3 4 4 4 1 1 2 1 3 5 4 4 1 1 0 2 2 1 5 5 5 2 5 1 3 0 4 1 4 2 2 2 4 2 3 4 0 4
1 2 1
1 3 3
1 4 3
1 5 2
1 6 6
1 7 6
1 8 1
1 9 4
1 10 3
1 11 3
1 12 6
1 13 2
1 14 1
1 15 3
1 16 1
1 17 1
1 18 3
1 19 5
1 21 4
1 22 4
1 23 6
1 24 6
1 25 3
1 26 1
1 27 2
1 28 4
1 29 5
1 30 4
1 31 2
1 32 1
1 33 5
1 34 3
1 35 6
1 36 5
1 37 2
1 38 5
1 39 1
1 40 4
2 3 4
2 4 3
2 6 2
2 7 6
2 8 3
2 9 3
2 10 6
2 11 6
2 12 3
2 14 2
2 15 6
2 16 5
2 17 2
2 18 3
2 19 5
2 20 3
2 21 3
2 22 2
2 23 6
2 24 2
2 25 6
2 28 3
2 29 2
2 30 2
2 31 5
2 32 5
2 33 5
2 34 3
2 35 4
2 36 2
2 37 1
2 38 2
2 39 4
2 40 1
2 5 4
3 4 3
3 5 3
3 6 3
3 9 3
3 10 1
3 11 1
3 12 3
3 13 6
3 14 1
3 15 5
3 16 4
3 17 4
3 18 5
3 19 2
3 21 2
3 22 6
3 23 6
3 24 4
3 25 6
3 26 4
3 27 3
3 28 4
3 29 3
3 30 1
3 31 5
3 32 3
3 33 4
3 34 1
3 36 3
3 37 6
3 40 5
3 8 1
4 6 1
4 7 4
4 8 3
4 9 3
4 11 6
4 12 4
4 13 5
4 14 3
4 15 4
4 16 6
4 17 5
4 18 3
4 22 2
4 23 4
4 24 3
4 25 3
4 26 4
4 27 5
4 28 2
4 29 4
4 30 5
4 34 1
4 35 4
4 36 4
4 37 4
4 38 3
4 39 6
4 40 4
4 5 4
5 6 4
5 7 6
5 8 1
5 9 1
5 10 4
5 11 4
5 12 6
5 13 5
5 14 1
5 15 5
5 16 5
5 18 1
5 19 1
5 20 6
5 21 5
5 22 5
5 24 6
5 25 1
5 26 5
5 27 2
5 28 4
5 29 5
5 30 5
5 31 4
5 32 5
5 33 2
5 34 3
5 35 3
5 36 4
5 37 4
5 38 1
5 39 4
5 40 4
6 7 5
6 8 6
6 9 2
6 10 3
6 11 1
6 12 3
6 13 1
6 14 5
6 15 1
6 16 4
6 17 2
6 18 1
6 20 6
6 21 5
6 22 4
6 23 4
6 24 3
6 25 1
6 26 4
6 27 3
6 28 2
6 30 2
6 31 5
6 32 3
6 33 2
6 34 2
6 36 5
6 37 3
6 38 3
6 40 4
7 8 1
7 9 5
7 10 5
7 11 3
7 12 2
7 13 1
7 14 3
7 15 1
7 16 5
7 17 5
7 19 4
7 20 5
7 21 2
7 22 6
7 25 3
7 26 4
7 27 3
7 28 6
7 29 1
7 30 6
7 31 4
7 32 1
7 33 6
7 34 2
7 35 4
7 37 4
7 38 4
7 39 2
7 40 2
8 9 5
8 10 4
8 11 1
8 12 1
8 14 5
8 15 6
8 16 5
8 17 6
8 18 6
8 19 5
8 20 2
8 21 1
8 23 3
8 24 2
8 25 6
8 26 1
8 27 1
8 28 1
8 29 1
8 30 6
8 31 5
8 32 4
8 33 3
8 34 5
8 35 1
8 36 4
8 37 1
8 38 5
8 39 5
8 40 3
9 10 5
9 11 6
9 12 5
9 13 1
9 15 2
9 17 5
9 18 4
9 19 6
9 20 2
9 21 3
9 22 3
9 23 1
9 24 2
9 25 4
9 26 2
9 27 4
9 28 6
9 29 4
9 30 2
9 31 4
9 32 5
9 33 3
9 34 2
9 36 3
9 37 3
9 38 6
9 39 5
9 40 3
9 16 5
10 11 4
10 12 1
10 13 1
10 14 1
10 15 2
10 16 6
10 17 3
10 18 4
10 19 6
10 20 1
10 21 5
10 22 6
10 23 1
10 24 3
10 26 2
10 27 6
10 28 1
10 29 2
10 31 3
10 32 5
10 33 2
10 34 4
10 35 5
10 37 1
10 38 1
10 39 2
10 40 6
11 12 4
11 13 1
11 14 6
11 15 4
11 16 5
11 17 4
11 18 2
11 19 5
11 20 5
11 21 5
11 22 1
11 23 2
11 24 6
11 25 6
11 26 3
11 27 4
11 28 2
11 29 3
11 30 1
11 31 4
11 32 2
11 33 3
11 34 1
11 35 4
11 36 1
11 37 5
11 38 5
11 39 5
11 40 5
12 13 2
12 14 4
12 15 5
12 16 6
12 17 6
12 18 5
12 19 1
12 20 6
12 21 2
12 22 5
12 23 3
12 24 6
12 25 6
12 26 6
12 27 3
12 28 5
12 29 6
12 30 5
12 31 4
12 32 6
12 33 5
12 34 1
12 35 4
12 36 1
12 37 1
12 38 3
12 39 3
12 40 1
13 14 3
13 15 6
13 16 2
13 17 3
13 19 5
13 21 5
13 22 5
13 23 4
13 24 6
13 25 4
13 26 1
13 27 6
13 28 5
13 29 3
13 30 6
13 31 3
13 32 5
13 33 3
13 34 3
13 35 5
13 36 3
13 37 3
13 38 1
13 39 5
13 40 1
14 15 1
14 16 5
14 17 3
14 18 3
14 19 2
14 20 1
14 21 4
14 22 5
14 23 2
14 24 3
14 26 5
14 27 6
14 28 6
14 29 6
14 30 5
14 31 3
14 32 2
14 33 4
14 34 4
14 35 4
14 36 5
14 37 6
14 38 4
14 39 6
14 40 2
15 16 4
15 17 2
15 18 4
15 19 6
15 20 6
15 21 4
15 22 6
15 23 5
15 26 6
15 27 3
15 28 5
15 29 4
15 30 2
15 31 4
15 32 3
15 34 4
15 36 3
15 37 5
15 38 3
15 39 2
15 40 6
16 17 3
16 18 3
16 19 4
16 20 1
16 21 6
16 22 2
16 23 2
16 25 6
16 26 4
16 28 4
16 29 2
16 31 4
16 32 3
16 33 6
16 34 4
16 35 6
16 36 5
16 37 4
16 38 3
16 39 2
16 40 2
17 18 3
17 19 3
17 20 1
17 21 6
17 22 2
17 23 5
17 24 3
17 25 3
17 26 5
17 28 6
17 29 3
17 30 5
17 31 3
17 32 3
17 33 1
17 34 2
17 35 5
17 36 5
17 37 2
17 38 5
17 40 4
18 19 4
18 20 4
18 21 5
18 22 3
18 23 3
18 24 5
18 25 4
18 26 2
18 27 1
18 28 6
18 29 2
18 31 1
18 32 1
18 33 4
18 34 2
18 35 2
18 36 2
18 37 2
18 38 6
18 39 3
18 40 2
19 20 4
19 21 5
19 22 2
19 23 4
19 26 1
19 27 6
19 28 3
19 29 5
19 30 3
19 31 3
19 32 6
19 33 3
19 34 4
19 35 5
19 36 4
19 37 4
19 39 3
19 40 5
19 24 2
20 21 6
20 22 2
20 23 6
20 24 1
20 25 6
20 26 3
20 27 3
20 28 2
20 29 4
20 30 6
20 31 4
20 32 4
20 33 6
20 34 4
20 35 5
20 36 5
20 37 5
20 38 2
20 39 2
21 22 4
21 23 4
21 24 6
21 25 3
21 28 1
21 30 4
21 31 3
21 32 3
21 33 5
21 34 3
21 35 2
21 36 6
21 37 6
21 38 2
21 39 6
21 40 5
22 23 6
22 24 1
22 25 6
22 26 5
22 27 5
22 28 1
22 29 4
22 30 4
22 32 3
22 33 3
22 34 6
22 35 4
22 36 2
22 37 2
22 38 4
22 39 2
22 40 2
23 24 3
23 25 3
23 26 6
23 27 3
23 28 6
23 29 1
23 31 1
23 32 1
23 33 5
23 35 1
23 36 5
23 37 6
23 38 4
23 39 2
23 40 1
24 25 6
24 27 3
24 28 4
24 29 2
24 30 6
24 31 5
24 32 6
24 33 3
24 34 1
24 35 5
24 37 4
24 39 6
24 40 4
25 26 3
25 27 6
25 28 5
25 29 2
25 30 3
25 31 6
25 32 4
25 33 2
25 34 5
25 35 4
25 36 2
25 37 6
25 38 1
25 39 1
25 40 4
26 27 6
26 28 3
26 29 6
26 30 2
26 31 5
26 32 1
26 33 4
26 34 6
26 35 1
26 36 3
26 37 3
26 38 4
26 39 3
26 40 3
27 28 1
27 29 4
27 30 4
27 31 5
27 32 4
27 33 4
27 34 4
27 35 5
27 36 3
27 37 2
27 39 2
28 29 5
28 30 3
28 31 6
28 32 3
28 33 2
28 34 4
28 36 6
28 37 2
28 38 5
28 39 2
28 40 5
29 30 1
29 31 6
29 32 5
29 33 1
29 34 6
29 35 3
29 36 5
29 37 4
29 38 4
29 39 4
29 40 3
30 32 6
30 35 2
30 36 2
30 37 6
30 38 5
30 39 5
30 40 5
31 32 4
31 33 2
31 34 2
31 35 6
31 36 6
31 38 1
31 39 6
31 40 2
32 33 3
32 34 5
32 35 3
32 36 1
32 37 5
32 38 4
32 39 2
33 34 3
33 35 3
33 36 4
33 37 5
33 38 5
33 39 4
33 40 6
34 35 2
34 36 2
34 37 5
34 38 5
34 39 5
34 40 6
35 36 6
35 38 3
35 39 3
35 40 6
35 37 2
36 37 5
36 38 6
36 39 6
36 40 2
37 38 1
37 39 1
37 40 3
38 39 6
38 40 5
39 40 3
2
12
19
28
35
