40 5 571
2 2 0 3 4 2 4 4 1 4 2 1 3 2 0 1 4 4 4 2 2 0 0 2 5 3 5 0 3 5 1 0 2 0 2 4 1 1 3 0
1 2 2
1 3 2
1 4 5
1 5 1
1 7 5
1 8 5
1 9 3
1 10 6
1 11 2
1 16 4
1 20 5
1 22 2
1 23 4
1 25 2
1 27 2
1 28 4
1 29 1
1 32 1
1 33 5
1 34 2
1 35 1
1 36 1
1 37 6
1 38 6
1 39 4
1 40 4
2 3 1
2 4 3
2 5 1
2 6 4
2 7 6
2 8 2
2 11 2
2 12 4
2 13 5
2 15 5
2 16 4
2 18 4
2 19 1
2 20 2
2 21 2
2 22 1
2 23 4
2 24 5
2 25 2
2 28 4
2 31 5
2 32 3
2 33 1
2 34 1
2 35 4
2 36 2
2 37 2
2 38 4
2 39 2
2 40 4
3 6 5
3 7 1
3 8 5
3 9 5
3 11 1
3 12 2
3 13 2
3 14 4
3 15 1
3 16 6
3 17 4
3 18 4
3 19 1
3 20 5
3 21 4
3 22 3
3 23 4
3 25 1
3 29 5
3 30 3
3 31 3
3 32 5
3 35 5
3 36 5
3 37 2
3 39 4
3 40 2
4 6 4
4 7 1
4 8 1
4 9 2
4 15 1
4 17 6
4 18 6
4 20 4
4 21 5
4 22 3
4 23 1
4 24 2
4 26 3
4 28 2
4 29 6
4 32 1
4 33 6
4 34 5
4 35 5
4 36 3
4 37 4
4 38 6
4 39 3
4 40 4
4 5 4
5 6 4
5 7 1
5 8 1
5 9 3
5 11 4
5 12 6
5 13 6
5 14 3
5 15 2
5 16 5
5 17 6
5 19 2
5 20 5
5 21 4
5 22 4
5 23 4
5 24 5
5 25 1
5 26 6
5 27 2
5 29 1
5 31 5
5 32 6
5 33 6
5 34 2
5 35 6
5 36 2
5 37 6
5 38 5
6 7 4
6 9 4
6 10 1
6 11 3
6 13 2
6 15 3
6 16 5
6 18 5
6 20 5
6 21 5
6 22 4
6 24 3
6 25 4
6 26 6
6 27 3
6 28 5
6 30 5
6 31 3
6 32 5
6 33 2
6 34 6
6 35 2
6 36 2
6 37 2
6 39 3
6 8 4
7 8 3
7 9 6
7 10 6
7 11 2
7 12 6
7 14 3
7 16 1
7 17 5
7 20 6
7 21 4
7 23 4
7 24 1
7 25 5
7 30 3
7 31 2
7 32 6
7 33 1
7 34 5
7 36 2
7 37 2
7 38 2
7 39 5
7 40 1
8 10 1
8 11 1
8 12 2
8 15 6
8 17 1
8 18 3
8 19 1
8 25 1
8 26 5
8 27 5
8 28 6
8 29 2
8 31 4
8 32 6
8 33 4
8 34 6
8 35 6
8 39 5
8 40 6
9 10 4
9 11 1
9 12 4
9 13 3
9 14 3
9 15 5
9 18 2
9 20 6
9 21 1
9 22 5
9 23 5
9 24 5
9 25 6
9 29 2
9 30 4
9 31 2
9 33 6
9 34 5
9 36 6
9 37 5
9 39 3
9 40 6
10 11 3
10 12 3
10 13 5
10 14 3
10 15 6
10 16 5
10 17 5
10 18 3
10 19 5
10 21 6
10 22 6
10 23 4
10 24 6
10 25 2
10 26 2
10 27 2
10 28 2
10 32 2
10 33 3
10 34 3
10 36 4
10 38 2
10 40 2
11 12 5
11 14 5
11 16 5
11 17 4
11 18 5
11 19 6
11 20 6
11 21 6
11 24 5
11 25 2
11 26 4
11 27 3
11 28 6
11 29 3
11 30 2
11 31 3
11 32 3
11 35 4
11 36 5
11 37 3
11 40 6
12 14 4
12 16 1
12 17 6
12 21 4
12 22 6
12 23 3
12 24 4
12 25 2
12 26 3
12 28 4
12 29 6
12 30 2
12 32 6
12 36 6
12 37 4
12 38 3
12 39 2
12 40 2
13 14 1
13 15 2
13 17 1
13 20 3
13 22 6
13 25 6
13 26 4
13 28 6
13 30 5
13 31 6
13 34 3
13 35 6
13 36 6
13 37 5
13 38 6
13 39 1
14 15 5
14 17 5
14 18 4
14 19 1
14 21 4
14 22 3
14 23 5
14 24 3
14 25 5
14 26 2
14 27 5
14 28 3
14 29 2
14 30 2
14 32 1
14 33 5
14 34 5
14 35 5
14 38 1
14 39 2
14 40 2
15 16 5
15 17 5
15 18 5
15 19 2
15 21 1
15 22 4
15 24 5
15 25 4
15 26 3
15 28 3
15 29 1
15 31 6
15 33 5
15 35 2
15 36 4
15 37 1
15 38 4
15 40 5
16 18 3
16 19 2
16 20 4
16 21 1
16 22 5
16 23 3
16 24 2
16 25 5
16 26 6
16 27 6
16 29 4
16 30 3
16 34 4
16 36 2
16 37 1
16 38 6
16 39 2
17 18 6
17 21 4
17 23 6
17 24 4
17 25 2
17 27 6
17 28 2
17 29 6
17 30 2
17 31 6
17 33 3
17 34 6
17 35 1
17 36 4
17 37 2
17 39 6
18 19 3
18 20 6
18 21 6
18 22 1
18 24 6
18 25 6
18 26 5
18 27 3
18 28 2
18 29 2
18 30 6
18 31 1
18 32 5
18 33 2
18 34 2
18 35 6
18 36 6
18 37 2
18 38 3
18 39 6
18 40 4
19 20 1
19 21 5
19 23 5
19 24 2
19 26 6
19 27 1
19 28 2
19 29 4
19 30 6
19 31 4
19 33 5
19 34 6
19 35 1
19 36 2
19 40 4
19 22 6
20 21 6
20 23 4
20 24 3
20 26 3
20 27 3
20 28 5
20 29 5
20 30 5
20 31 6
20 34 4
20 35 3
20 36 6
20 37 2
20 38 1
20 39 3
20 40 5
20 22 6
21 22 4
21 23 5
21 24 6
21 27 2
21 28 2
21 29 6
21 31 1
21 33 6
21 34 2
21 35 3
21 36 5
21 38 4
21 39 5
21 40 3
22 23 3
22 26 5
22 29 5
22 30 3
22 31 3
22 32 4
22 33 5
22 34 1
22 35 3
22 36 6
22 37 2
22 38 2
22 39 6
22 40 3
23 25 1
23 26 3
23 27 5
23 28 1
23 29 5
23 30 3
23 31 2
23 32 2
23 35 1
23 36 1
23 37 3
23 39 3
23 40 4
24 25 4
24 26 4
24 27 3
24 29 2
24 30 5
24 31 5
24 32 1
24 33 2
24 36 2
24 37 3
24 38 5
24 39 3
25 26 4
25 27 4
25 28 2
25 29 1
25 30 2
25 31 2
25 33 4
25 34 2
25 36 6
25 37 1
25 38 3
25 40 6
26 27 1
26 28 4
26 29 6
26 30 2
26 32 1
26 33 1
26 35 5
26 40 3
27 30 2
27 31 4
27 32 4
27 33 4
27 34 1
27 35 4
27 36 5
27 37 3
27 38 6
27 39 2
28 29 5
28 31 5
28 32 3
28 34 3
28 35 6
28 37 1
28 38 2
28 39 4
29 30 3
29 31 4
29 32 6
29 33 2
29 34 1
29 37 6
29 38 4
29 39 3
29 40 1
30 31 2
30 32 5
30 35 2
30 37 4
30 38 1
30 39 6
31 33 2
31 36 5
31 37 5
31 38 4
31 39 2
31 40 2
31 32 3
32 33 3
32 34 3
32 35 2
32 36 1
32 37 6
32 38 1
32 39 4
32 40 2
33 34 5
33 35 6
33 37 1
33 40 6
34 35 1
34 36 3
34 37 4
34 39 5
34 40 5
35 38 4
36 38 2
36 39 1
36 40 3
37 38 2
37 39 2
37 40 5
38 39 3
38 40 4
39 40 4
3
12
22
28
34
