40 5 505
2 1 1 2 1 0 4 0 1 5 1 5 3 2 4 1 0 0 2 2 2 5 0 0 1 2 0 3 4 5 3 3 0 3 4 0 3 2 3 3
1 3 2
1 4 3
1 8 5
1 9 3
1 10 1
1 11 4
1 16 3
1 17 5
1 18 6
1 21 2
1 22 5
1 23 6
1 26 6
1 31 3
1 32 6
1 35 5
1 37 4
1 38 3
1 39 2
1 40 4
1 6 4
2 3 5
2 4 1
2 5 4
2 9 6
2 11 6
2 13 1
2 14 2
2 15 3
2 16 2
2 17 3
2 18 4
2 19 3
2 20 1
2 21 4
2 22 6
2 23 1
2 25 5
2 27 2
2 28 2
2 29 3
2 30 6
2 35 2
2 36 1
2 40 3
2 8 1
3 4 6
3 5 4
3 6 2
3 10 4
3 11 1
3 12 1
3 13 3
3 16 6
3 17 6
3 19 2
3 21 2
3 22 6
3 25 3
3 27 5
3 28 1
3 30 1
3 31 2
3 33 3
3 34 3
3 35 3
3 36 6
3 37 6
3 38 1
3 39 5
3 40 6
4 5 5
4 8 4
4 9 6
4 10 3
4 11 2
4 12 6
4 13 1
4 14 1
4 15 1
4 18 5
4 20 4
4 21 1
4 22 4
4 23 6
4 24 4
4 25 3
4 26 6
4 28 6
4 29 5
4 31 3
4 33 4
4 34 1
4 36 1
4 37 4
4 40 3
4 7 6
5 6 6
5 7 5
5 8 6
5 9 5
5 11 2
5 12 4
5 16 3
5 18 4
5 21 4
5 22 5
5 23 5
5 24 5
5 25 5
5 26 2
5 27 6
5 28 1
5 31 2
5 34 4
5 35 4
5 36 1
5 37 6
5 38 4
5 39 5
5 40 5
6 8 2
6 10 1
6 12 5
6 13 1
6 15 1
6 17 3
6 18 1
6 19 6
6 20 2
6 21 4
6 24 2
6 26 2
6 27 2
6 29 4
6 31 4
6 33 3
6 35 2
6 36 3
6 37 2
6 38 5
6 39 4
6 40 2
7 11 2
7 12 4
7 13 5
7 15 6
7 16 6
7 17 4
7 19 1
7 20 1
7 21 3
7 22 6
7 23 6
7 28 3
7 29 3
7 30 4
7 33 5
7 35 2
7 36 2
7 37 4
7 38 3
7 39 4
7 40 6
8 11 4
8 12 4
8 13 6
8 14 1
8 16 2
8 19 5
8 20 6
8 21 4
8 22 3
8 24 2
8 32 2
8 34 2
8 35 2
8 38 2
8 40 3
9 11 4
9 14 2
9 15 3
9 16 2
9 17 2
9 20 3
9 21 1
9 23 1
9 24 5
9 25 1
9 26 6
9 28 2
9 29 5
9 30 6
9 31 5
9 32 2
9 33 3
9 34 5
9 36 5
9 38 1
9 40 4
10 13 3
10 14 6
10 15 2
10 16 6
10 18 6
10 19 4
10 21 3
10 23 6
10 24 3
10 25 2
10 27 2
10 28 4
10 32 6
10 33 4
10 34 4
10 35 5
10 36 6
10 37 2
10 39 6
10 40 6
11 13 2
11 14 4
11 15 3
11 16 1
11 17 6
11 22 6
11 23 1
11 24 1
11 25 1
11 26 1
11 27 2
11 29 6
11 30 4
11 31 3
11 34 2
11 37 6
11 38 2
11 39 5
11 40 5
11 12 6
12 14 1
12 15 6
12 16 2
12 17 4
12 19 5
12 21 2
12 22 2
12 25 2
12 28 1
12 29 1
12 32 4
12 34 6
12 35 6
12 37 6
12 38 5
12 40 2
13 14 1
13 15 6
13 16 1
13 18 2
13 19 5
13 24 2
13 25 6
13 26 1
13 30 4
13 31 3
13 32 3
13 33 1
13 35 1
13 36 6
13 37 5
13 40 6
14 15 6
14 16 3
14 18 4
14 20 4
14 21 1
14 24 2
14 27 2
14 28 2
14 30 3
14 34 2
14 35 1
14 36 4
14 38 1
14 39 2
15 17 1
15 19 6
15 21 6
15 22 3
15 24 6
15 25 5
15 27 6
15 28 6
15 29 1
15 30 2
15 34 5
15 35 6
15 37 3
15 38 6
15 39 4
15 40 1
15 16 3
16 17 2
16 18 5
16 19 2
16 23 6
16 24 2
16 25 1
16 27 1
16 29 4
16 30 3
16 31 6
16 34 5
16 37 3
16 38 6
16 39 6
17 18 3
17 20 5
17 21 1
17 22 5
17 24 1
17 25 3
17 26 2
17 27 4
17 28 1
17 29 4
17 30 3
17 31 5
17 32 1
17 33 3
17 35 1
17 37 2
18 19 6
18 21 5
18 22 5
18 23 5
18 24 4
18 26 5
18 27 1
18 29 6
18 32 4
18 34 2
18 35 3
18 36 6
18 38 1
18 39 5
19 22 6
19 23 3
19 24 2
19 25 5
19 27 3
19 28 6
19 30 2
19 31 3
19 33 2
19 35 5
19 37 3
20 21 6
20 23 2
20 24 5
20 27 4
20 28 2
20 29 6
20 30 1
20 31 6
20 33 6
20 34 3
20 37 6
20 40 3
20 22 5
21 22 4
21 26 5
21 28 5
21 30 6
21 31 5
21 32 2
21 33 5
21 34 3
21 35 6
21 36 3
21 37 2
21 38 6
21 39 4
21 40 3
21 24 5
22 24 1
22 25 4
22 26 6
22 28 3
22 29 2
22 30 2
22 31 1
22 33 3
22 37 5
22 38 5
22 23 3
23 25 5
23 27 1
23 30 5
23 32 3
23 33 1
23 35 1
23 37 4
23 38 6
23 40 4
23 24 3
24 26 4
24 27 4
24 28 3
24 29 1
24 30 1
24 32 3
24 33 3
24 34 4
24 36 2
24 38 5
24 39 1
24 40 2
25 26 4
25 27 6
25 28 1
25 30 3
25 31 5
25 32 5
25 33 5
25 34 6
25 35 1
25 37 2
25 38 4
26 27 2
26 30 6
26 31 2
26 32 6
26 35 2
26 37 5
26 39 1
26 40 1
26 29 4
27 28 5
27 30 5
27 33 4
27 34 4
27 35 2
27 36 6
27 37 4
27 38 1
27 39 2
27 29 3
28 29 5
28 35 1
28 36 6
28 37 3
28 38 2
28 39 4
28 40 6
28 32 4
29 30 5
29 32 4
29 34 5
29 35 3
29 36 1
29 37 1
29 38 6
29 39 3
30 31 5
30 32 2
30 33 3
30 35 4
30 36 4
30 37 3
30 38 5
30 39 1
30 40 4
31 33 6
31 34 1
31 36 2
31 39 2
31 40 4
32 33 6
32 34 3
32 37 6
32 39 6
32 40 3
33 35 2
33 36 6
33 37 4
33 39 2
33 34 2
33 40 1
34 36 5
34 38 1
34 40 5
34 37 1
35 36 3
35 37 2
35 40 3
35 38 2
36 38 4
36 39 4
36 40 6
37 39 6
37 40 6
38 39 5
39 40 1
5
15
18
30
35
