40 5 413
2 2 1 4 2 0 0 2 2 3 2 5 4 4 0 0 3 1 4 5 0 3 3 2 4 0 3 0 2 2 0 5 5 4 0 0 3 3 0 4
1 4 5
1 5 4
1 7 5
1 8 4
1 9 3
1 16 3
1 17 3
1 19 6
1 24 4
1 29 2
1 30 3
1 31 1
1 32 1
1 33 2
1 35 6
1 36 3
1 37 3
1 40 1
1 3 6
2 3 6
2 5 2
2 6 3
2 7 3
2 8 5
2 9 6
2 11 1
2 12 5
2 14 1
2 17 5
2 18 1
2 19 4
2 20 4
2 21 4
2 24 2
2 27 2
2 28 5
2 31 2
2 35 4
2 36 1
2 37 4
3 5 6
3 6 6
3 7 4
3 8 1
3 10 5
3 12 6
3 13 3
3 14 3
3 16 6
3 17 3
3 21 4
3 22 3
3 23 3
3 24 3
3 26 1
3 27 2
3 29 4
3 30 1
3 32 6
3 34 1
3 36 5
3 37 2
3 39 2
3 40 5
3 4 3
4 6 3
4 8 5
4 11 6
4 12 2
4 16 5
4 18 6
4 20 2
4 21 3
4 27 2
4 28 6
4 31 4
4 32 6
4 37 3
4 38 6
4 5 6
5 6 1
5 7 6
5 8 4
5 15 2
5 18 2
5 20 3
5 21 5
5 26 4
5 27 4
5 28 4
5 30 2
5 33 1
5 34 6
5 37 1
5 38 6
5 40 6
6 7 6
6 8 3
6 9 3
6 10 5
6 11 1
6 13 2
6 14 2
6 17 3
6 18 6
6 20 1
6 21 5
6 22 5
6 25 3
6 29 1
6 30 2
6 37 5
6 38 4
6 39 5
6 40 6
7 8 6
7 10 1
7 11 4
7 13 1
7 14 3
7 15 3
7 17 3
7 19 4
7 20 4
7 21 2
7 23 1
7 26 2
7 27 3
7 31 6
7 33 3
7 34 4
7 35 4
7 38 4
8 11 2
8 12 1
8 14 2
8 17 3
8 18 5
8 20 6
8 21 3
8 22 6
8 25 3
8 29 4
8 30 5
8 31 3
8 33 4
8 35 2
8 37 5
8 38 4
9 10 6
9 14 2
9 15 6
9 16 6
9 18 3
9 20 2
9 23 2
9 25 1
9 28 6
9 29 4
9 30 4
9 33 6
9 34 6
9 35 5
9 36 4
9 39 5
10 11 4
10 13 1
10 14 3
10 17 2
10 19 1
10 20 5
10 21 2
10 24 5
10 26 2
10 28 5
10 32 1
10 33 4
10 34 6
10 36 4
10 39 2
10 40 2
10 16 6
11 12 6
11 14 2
11 16 6
11 20 6
11 24 3
11 25 6
11 26 6
11 28 1
11 29 2
11 31 5
11 32 3
11 36 1
11 37 6
11 38 5
11 39 5
11 40 3
12 13 5
12 14 1
12 16 6
12 20 1
12 21 6
12 22 4
12 24 6
12 28 3
12 29 1
12 32 4
12 35 3
12 36 6
12 38 6
12 39 1
12 40 2
13 17 4
13 18 4
13 20 1
13 21 5
13 22 6
13 25 1
13 26 2
13 28 5
13 29 6
13 30 4
13 32 6
13 35 6
13 36 6
13 38 6
13 39 2
14 15 5
14 19 6
14 22 6
14 23 6
14 24 2
14 27 1
14 29 5
14 31 4
14 32 2
14 33 6
14 35 3
14 39 3
15 17 5
15 18 5
15 22 6
15 24 3
15 25 1
15 26 3
15 27 2
15 29 3
15 30 5
15 31 6
15 32 3
15 33 1
15 34 2
15 35 2
15 36 3
15 37 6
15 40 1
16 17 2
16 19 2
16 23 5
16 24 3
16 25 4
16 26 3
16 27 4
16 30 4
16 31 3
16 37 2
16 39 3
16 40 3
17 19 1
17 21 6
17 22 2
17 24 5
17 26 1
17 28 1
17 30 3
17 31 4
17 32 1
17 34 6
17 35 3
17 36 6
17 40 4
17 18 5
18 20 3
18 23 6
18 24 6
18 25 5
18 28 3
18 29 3
18 31 1
18 32 5
18 34 3
18 35 5
18 39 6
19 20 4
19 21 3
19 22 2
19 23 6
19 24 3
19 25 5
19 26 6
19 27 3
19 31 6
19 35 2
19 36 1
19 37 2
19 39 6
20 22 3
20 29 6
20 30 3
20 33 3
20 35 4
20 36 5
20 38 1
20 39 1
20 40 4
20 23 3
21 24 1
21 25 3
21 28 3
21 29 2
21 31 3
21 34 4
21 35 5
21 37 3
21 40 4
22 23 2
22 26 4
22 27 3
22 29 2
22 31 4
22 33 4
22 39 6
22 40 4
23 24 5
23 27 2
23 29 5
23 30 3
23 34 1
23 35 1
23 36 4
24 26 2
24 28 4
24 35 2
24 36 2
24 37 3
24 39 3
24 40 1
25 30 2
25 31 1
25 32 6
25 36 1
25 38 4
25 40 2
25 28 1
25 27 2
26 27 3
26 28 3
26 29 3
26 31 6
26 33 1
26 34 5
26 35 5
26 38 2
26 39 3
27 31 1
27 32 5
27 33 5
27 34 4
27 35 5
27 39 6
27 30 4
28 29 5
28 30 4
28 31 2
28 32 5
28 33 6
28 36 4
28 37 1
28 38 3
28 39 4
28 40 5
29 31 1
29 35 4
29 40 3
30 32 6
30 33 1
30 35 2
31 32 2
31 35 5
31 38 3
31 39 3
32 33 2
32 36 4
32 37 4
32 39 6
33 34 4
33 35 2
33 36 2
33 37 4
34 38 5
34 39 4
34 40 2
34 36 3
34 35 1
35 36 5
35 37 3
35 40 3
36 39 2
36 40 3
37 39 5
37 40 6
39 40 6
4
9
21
31
36
