40 5 623
5 4 1 1 0 1 1 0 5 5 5 2 4 4 1 0 5 1 3 5 0 2 4 0 2 1 1 2 4 3 3 4 2 1 1 2 1 0 1 2
1 2 5
1 3 5
1 5 1
1 6 3
1 8 1
1 9 5
1 10 5
1 11 3
1 12 2
1 13 5
1 14 4
1 15 5
1 16 1
1 17 5
1 19 1
1 22 6
1 23 1
1 24 5
1 25 1
1 26 5
1 27 5
1 28 3
1 29 2
1 30 1
1 32 6
1 33 2
1 35 1
1 38 2
1 39 6
1 40 1
2 3 1
2 4 2
2 5 2
2 6 4
2 7 1
2 10 6
2 11 1
2 12 1
2 16 1
2 18 1
2 19 6
2 20 1
2 21 1
2 22 3
2 23 6
2 24 3
2 26 2
2 28 6
2 30 4
2 31 1
2 32 4
2 34 5
2 35 5
2 37 2
2 38 1
2 39 5
2 40 2
3 4 1
3 5 2
3 6 6
3 7 3
3 8 5
3 12 3
3 14 4
3 15 6
3 16 5
3 17 1
3 18 5
3 19 5
3 20 6
3 21 2
3 23 4
3 24 3
3 25 6
3 26 1
3 27 5
3 29 5
3 30 3
3 31 5
3 32 2
3 33 4
3 34 5
3 35 6
3 36 6
3 37 3
3 38 4
3 39 5
3 40 1
4 5 5
4 6 2
4 7 4
4 8 3
4 9 5
4 10 4
4 11 1
4 12 6
4 13 3
4 16 5
4 19 6
4 20 6
4 22 3
4 23 5
4 24 2
4 25 1
4 26 6
4 28 5
4 29 4
4 30 1
4 31 4
4 32 3
4 33 6
4 34 6
4 35 5
4 36 3
4 37 6
4 38 3
4 39 3
4 40 1
5 6 2
5 7 1
5 8 4
5 9 6
5 10 6
5 12 5
5 13 3
5 14 3
5 15 2
5 16 3
5 17 6
5 18 6
5 20 4
5 21 4
5 22 5
5 23 2
5 24 2
5 25 1
5 26 6
5 27 6
5 28 5
5 29 2
5 30 4
5 31 2
5 32 6
5 33 5
5 35 3
5 36 5
5 37 5
5 38 4
5 39 1
5 40 6
6 7 6
6 8 5
6 9 4
6 10 2
6 12 4
6 13 5
6 14 4
6 15 3
6 16 3
6 17 4
6 18 3
6 19 5
6 20 4
6 21 5
6 22 1
6 23 1
6 24 6
6 26 4
6 27 6
6 28 3
6 29 5
6 30 1
6 32 2
6 33 3
6 34 5
6 36 2
6 37 3
6 38 2
7 8 1
7 9 6
7 10 2
7 11 2
7 13 2
7 14 3
7 15 5
7 16 1
7 17 4
7 18 1
7 19 6
7 20 6
7 22 2
7 23 5
7 24 5
7 25 2
7 26 1
7 27 1
7 28 5
7 30 6
7 31 3
7 32 2
7 34 2
7 35 1
7 36 3
7 38 5
7 39 5
7 40 5
8 9 3
8 10 3
8 11 6
8 12 5
8 13 4
8 14 1
8 15 3
8 17 4
8 18 1
8 19 3
8 21 6
8 22 4
8 23 6
8 24 4
8 25 6
8 27 2
8 28 4
8 29 6
8 30 6
8 31 4
8 32 2
8 33 3
8 34 4
8 35 3
8 36 1
8 37 5
8 38 4
9 10 6
9 11 5
9 12 2
9 13 2
9 14 5
9 16 6
9 17 5
9 18 2
9 19 5
9 20 4
9 21 1
9 22 5
9 23 6
9 24 4
9 25 6
9 27 1
9 28 4
9 29 2
9 30 5
9 32 1
9 35 6
9 36 3
9 37 2
9 39 1
9 40 5
10 12 5
10 13 4
10 16 4
10 17 1
10 18 5
10 20 3
10 21 3
10 22 5
10 27 3
10 28 3
10 29 1
10 30 6
10 31 1
10 32 2
10 34 3
10 36 2
10 37 5
10 40 5
11 12 4
11 13 5
11 14 5
11 16 6
11 17 3
11 18 1
11 19 3
11 20 3
11 21 2
11 22 6
11 23 5
11 24 3
11 25 4
11 27 1
11 28 5
11 29 4
11 30 1
11 32 2
11 33 5
11 34 1
11 35 6
11 36 5
11 37 1
11 38 6
11 39 4
11 40 6
12 13 6
12 14 3
12 15 6
12 16 4
12 17 6
12 18 3
12 19 5
12 20 6
12 21 4
12 22 5
12 23 4
12 24 5
12 25 1
12 26 5
12 27 5
12 28 2
12 31 6
12 32 4
12 33 1
12 34 6
12 35 6
12 36 5
12 37 2
12 38 3
12 39 3
12 40 2
13 14 2
13 15 3
13 19 3
13 20 6
13 21 2
13 22 4
13 23 1
13 25 6
13 26 5
13 27 3
13 29 6
13 31 6
13 32 4
13 34 1
13 35 5
13 36 3
13 37 5
13 38 4
13 40 6
14 15 4
14 16 3
14 17 1
14 18 5
14 19 3
14 20 2
14 21 5
14 23 4
14 24 4
14 25 2
14 26 5
14 28 4
14 30 2
14 31 3
14 32 3
14 33 5
14 34 1
14 35 4
14 39 5
14 40 3
15 16 6
15 17 5
15 18 1
15 20 3
15 21 3
15 22 2
15 24 6
15 26 5
15 27 1
15 28 5
15 30 5
15 31 6
15 32 5
15 34 4
15 36 1
15 37 6
15 38 1
15 39 6
15 40 1
16 17 4
16 19 2
16 22 1
16 23 3
16 24 3
16 25 6
16 26 5
16 27 5
16 28 1
16 29 6
16 30 6
16 32 4
16 33 6
16 34 6
16 35 5
16 36 2
16 38 3
16 40 3
17 19 6
17 21 5
17 23 1
17 24 6
17 25 5
17 26 4
17 28 6
17 30 4
17 32 5
17 33 2
17 34 5
17 35 6
17 36 5
17 37 4
17 38 3
17 40 3
17 20 4
18 19 1
18 21 2
18 22 6
18 23 2
18 26 5
18 28 2
18 29 4
18 32 1
18 33 3
18 34 4
18 35 5
18 36 6
18 37 3
18 38 4
18 39 5
18 40 1
19 20 1
19 22 5
19 23 1
19 24 5
19 25 2
19 26 5
19 27 3
19 29 3
19 30 6
19 31 6
19 32 6
19 33 6
19 34 3
19 35 1
19 36 2
19 39 6
19 40 1
20 21 2
20 23 1
20 24 5
20 26 3
20 27 2
20 28 5
20 30 3
20 32 4
20 33 6
20 34 2
20 35 6
20 37 1
20 38 5
20 39 3
20 40 4
21 22 1
21 24 1
21 25 2
21 28 4
21 29 4
21 30 5
21 32 6
21 34 5
21 35 1
21 36 2
21 37 1
21 38 1
21 39 3
21 40 6
22 25 6
22 26 4
22 27 1
22 28 1
22 29 6
22 30 5
22 31 4
22 32 6
22 34 1
22 35 6
22 36 5
22 37 1
22 39 5
22 40 1
23 24 1
23 27 2
23 28 1
23 30 2
23 31 2
23 32 2
23 34 2
23 35 1
23 36 3
23 37 6
23 38 4
23 40 6
24 25 1
24 26 2
24 28 2
24 29 1
24 30 6
24 31 5
24 32 3
24 33 1
24 34 2
24 35 1
24 36 5
24 37 1
24 38 3
24 39 1
24 40 2
25 27 4
25 28 2
25 29 5
25 30 3
25 31 3
25 32 1
25 33 5
25 35 3
25 37 5
25 38 6
25 40 1
26 27 5
26 28 5
26 29 4
26 30 6
26 32 5
26 33 5
26 34 1
26 35 3
26 36 6
26 37 6
26 38 4
26 39 3
26 40 3
27 28 6
27 29 5
27 30 4
27 31 6
27 33 1
27 36 5
27 37 6
27 38 2
27 39 5
28 29 1
28 30 4
28 31 5
28 33 4
28 34 3
28 35 4
28 36 3
28 37 4
28 38 1
28 39 6
28 40 4
29 30 3
29 32 4
29 33 2
29 34 3
29 35 5
29 36 3
29 37 6
30 31 3
30 33 2
30 34 6
30 35 1
30 37 2
30 38 3
30 39 4
30 40 1
31 32 6
31 33 5
31 34 6
31 35 3
31 36 6
31 37 6
31 38 2
31 39 5
31 40 2
32 33 6
32 34 3
32 35 5
32 36 1
32 37 5
32 38 1
32 39 6
32 40 3
33 34 4
33 35 1
33 36 1
33 37 1
33 38 5
34 35 3
34 36 2
34 37 4
34 38 3
34 39 4
34 40 4
35 36 6
35 37 5
35 38 1
35 39 2
35 40 4
36 38 3
36 39 4
36 37 1
37 39 2
37 40 1
38 40 4
39 40 6
5
9
22
28
38
