40 5 114
3 5 3 1 1 3 4 1 1 1 4 5 5 2 1 0 5 4 4 4 1 2 2 3 1 5 2 3 4 2 3 0 1 3 4 3 1 3 2 2
1 8 1
2 5 4
2 13 4
2 22 6
2 26 4
2 28 3
2 6 3
3 6 1
3 18 6
3 24 4
3 27 6
3 37 1
3 7 3
3 8 3
4 35 1
4 6 5
5 6 1
5 8 1
5 15 5
5 18 1
5 40 4
6 20 3
6 26 5
6 7 6
7 9 5
7 11 3
7 13 1
7 16 2
7 29 3
7 34 2
7 35 5
7 40 6
8 12 1
9 11 4
9 17 5
9 22 1
9 28 5
9 29 6
9 10 4
9 14 4
9 13 3
10 22 1
10 23 6
11 21 6
11 12 2
11 16 3
12 20 5
12 26 5
12 34 1
13 16 1
13 38 4
13 15 5
14 18 1
14 27 2
14 33 5
15 24 4
15 31 4
15 38 2
15 40 2
16 32 1
16 39 5
17 28 3
17 24 2
18 19 6
18 25 6
18 30 3
18 35 3
18 36 1
18 20 6
19 23 4
19 20 1
19 21 4
19 22 4
20 26 4
20 28 5
20 30 3
20 31 4
21 22 5
21 23 1
22 24 4
22 29 3
22 30 2
22 37 6
23 26 4
23 27 2
24 35 1
24 37 1
25 30 5
25 34 2
25 35 3
25 26 5
25 32 4
26 30 1
26 34 5
27 35 3
27 38 2
27 39 2
27 30 2
27 28 6
28 37 1
28 29 3
28 31 2
29 36 2
31 32 1
33 38 4
33 37 3
34 37 2
34 39 2
34 38 2
35 38 1
36 39 6
36 38 2
36 37 1
37 40 4
1
9
20
25
36
