40 5 202
0 5 0 2 1 4 0 4 0 3 4 3 5 0 3 2 0 0 4 0 0 3 1 1 1 5 3 5 1 5 5 1 2 4 5 2 2 5 2 1
1 3 2
1 6 6
1 13 2
1 22 2
1 25 2
1 31 5
1 37 4
1 2 1
2 14 5
2 15 1
2 18 1
2 25 2
2 32 2
2 34 4
2 35 2
2 37 3
2 39 1
2 4 1
3 10 4
3 13 5
3 18 4
3 19 3
3 21 6
3 25 5
3 31 5
3 37 3
3 6 5
3 7 1
4 7 3
4 12 5
4 16 1
4 20 1
4 29 6
4 30 2
4 5 6
5 6 6
5 13 6
5 25 6
5 27 3
5 28 3
5 31 4
5 33 1
5 37 2
5 39 1
5 40 1
5 7 3
6 7 2
6 10 4
6 15 6
6 22 4
6 23 3
6 33 3
7 8 6
7 13 3
7 16 1
7 18 5
7 19 1
7 22 6
7 33 5
7 36 1
7 40 4
8 12 3
8 14 5
8 15 6
8 16 1
8 35 2
8 36 6
9 13 6
9 14 1
9 22 2
9 24 5
9 25 2
9 28 1
9 30 3
9 35 2
9 36 1
9 37 4
9 40 1
9 11 3
10 21 1
10 23 2
10 26 3
10 28 1
10 14 5
10 12 3
11 13 4
11 15 2
11 17 6
11 21 1
11 33 5
11 16 3
12 15 6
12 17 6
12 28 6
12 38 5
13 15 2
13 18 2
13 22 3
13 24 5
13 28 5
13 34 4
13 38 4
13 40 4
14 18 5
14 19 1
14 25 1
14 26 4
14 28 1
14 31 5
14 35 2
14 38 5
15 20 5
15 23 1
15 35 1
15 38 3
15 40 2
16 18 6
16 19 6
16 25 6
16 33 1
16 35 6
17 26 3
17 38 5
17 21 4
17 22 2
18 22 1
18 24 2
18 28 5
18 30 1
18 23 2
19 26 3
19 29 3
19 31 2
19 38 4
19 20 5
19 21 3
20 22 1
20 26 6
20 27 2
20 33 6
20 34 4
20 39 4
21 30 3
21 35 5
21 39 1
21 40 6
22 27 5
22 28 5
22 33 1
22 35 5
22 36 3
22 38 6
22 23 4
23 26 2
23 30 6
23 40 5
24 26 4
24 31 4
24 39 3
25 26 5
25 28 3
25 31 4
25 30 2
25 32 2
26 29 3
26 31 1
26 33 5
26 34 6
26 36 6
27 32 4
27 33 5
27 35 2
27 37 4
27 28 1
27 31 5
28 31 2
28 33 5
28 35 6
29 31 5
29 33 6
29 35 4
29 36 4
29 32 5
30 34 6
30 38 1
30 40 1
30 31 2
31 37 5
31 38 5
31 40 5
33 35 2
33 39 2
33 37 2
34 39 1
35 37 5
35 40 1
35 36 3
35 38 1
36 40 6
37 40 6
38 39 5
39 40 3
1
9
18
25
37
