40 5 635
2 3 1 3 0 0 1 0 3 4 2 1 1 0 1 1 3 0 4 2 3 3 4 2 0 2 1 0 0 5 3 3 1 3 4 4 3 0 3 4
1 3 1
1 4 4
1 5 1
1 6 4
1 7 4
1 8 1
1 9 3
1 10 1
1 11 3
1 13 4
1 14 2
1 15 6
1 16 3
1 17 3
1 18 5
1 19 6
1 20 6
1 21 6
1 22 2
1 23 6
1 24 1
1 26 3
1 27 4
1 29 4
1 30 6
1 31 6
1 33 5
1 34 6
1 35 2
1 36 3
1 37 4
1 38 3
1 39 2
1 40 4
2 3 1
2 4 5
2 5 1
2 6 6
2 7 6
2 8 1
2 9 3
2 10 2
2 11 5
2 12 1
2 13 3
2 14 4
2 15 1
2 16 6
2 17 6
2 18 2
2 19 1
2 20 3
2 21 4
2 22 5
2 23 3
2 26 3
2 27 6
2 28 2
2 29 6
2 31 4
2 32 6
2 33 4
2 34 3
2 35 2
2 36 1
2 37 1
2 38 6
2 39 1
2 40 3
3 4 4
3 5 6
3 6 6
3 7 1
3 8 4
3 9 5
3 12 1
3 13 3
3 14 6
3 15 1
3 16 1
3 17 5
3 18 5
3 19 2
3 20 5
3 21 3
3 22 6
3 23 5
3 24 6
3 25 5
3 26 2
3 27 3
3 28 1
3 30 2
3 32 2
3 34 2
3 35 1
3 36 2
3 37 1
3 38 3
3 39 4
4 5 5
4 6 4
4 7 6
4 8 2
4 10 3
4 11 4
4 12 1
4 13 1
4 15 5
4 16 2
4 17 6
4 19 4
4 20 5
4 21 4
4 22 2
4 23 1
4 24 3
4 25 4
4 28 5
4 29 5
4 30 6
4 31 1
4 32 6
4 33 3
4 34 5
4 36 3
4 37 5
4 39 1
4 40 6
5 7 6
5 8 4
5 9 3
5 11 2
5 12 6
5 13 2
5 14 2
5 16 2
5 18 3
5 19 1
5 20 5
5 21 4
5 22 3
5 23 3
5 24 3
5 25 5
5 26 2
5 27 3
5 28 6
5 29 4
5 30 3
5 31 3
5 32 3
5 33 5
5 34 2
5 35 3
5 36 6
5 37 1
5 38 1
5 39 1
5 40 6
5 6 2
6 8 2
6 10 6
6 14 5
6 15 5
6 16 5
6 17 5
6 19 5
6 22 4
6 25 3
6 26 6
6 27 3
6 29 3
6 30 2
6 32 2
6 33 3
6 34 5
6 36 5
6 37 5
6 38 1
6 40 3
7 8 6
7 9 4
7 10 1
7 11 3
7 12 5
7 14 6
7 15 3
7 16 6
7 17 5
7 18 3
7 19 5
7 20 1
7 21 4
7 22 6
7 23 3
7 24 5
7 25 4
7 27 3
7 28 5
7 29 3
7 30 6
7 33 2
7 34 4
7 35 6
7 37 2
7 38 3
7 39 3
7 40 5
8 9 3
8 12 6
8 13 6
8 14 2
8 15 6
8 16 1
8 17 3
8 18 6
8 19 2
8 20 3
8 21 5
8 23 2
8 25 6
8 26 6
8 29 3
8 30 1
8 31 5
8 32 2
8 33 4
8 35 6
8 36 1
8 40 4
9 10 2
9 12 2
9 14 5
9 15 4
9 16 2
9 18 4
9 19 4
9 20 2
9 21 5
9 22 4
9 23 4
9 24 4
9 25 4
9 26 3
9 27 4
9 30 6
9 31 3
9 32 5
9 33 4
9 34 1
9 35 3
9 36 3
9 38 2
9 39 5
9 40 5
10 12 4
10 14 2
10 15 5
10 16 5
10 17 6
10 18 5
10 20 2
10 21 5
10 22 6
10 23 2
10 25 4
10 26 3
10 27 4
10 28 1
10 30 3
10 32 3
10 33 3
10 34 5
10 35 6
10 36 1
10 38 1
10 39 6
10 40 5
11 12 4
11 13 2
11 14 5
11 15 3
11 16 2
11 17 3
11 18 1
11 20 1
11 21 1
11 22 1
11 25 1
11 26 5
11 27 3
11 28 6
11 29 2
11 30 3
11 31 4
11 32 5
11 33 1
11 34 5
11 36 2
11 37 6
11 38 3
11 40 2
12 13 4
12 14 2
12 17 4
12 18 1
12 19 3
12 20 1
12 21 3
12 22 2
12 23 2
12 24 3
12 26 1
12 27 6
12 28 3
12 30 1
12 31 4
12 32 3
12 33 6
12 34 3
12 35 6
12 36 1
12 37 3
12 38 5
12 39 2
12 40 3
13 14 5
13 16 2
13 18 4
13 20 3
13 21 3
13 22 6
13 23 5
13 25 6
13 26 4
13 27 3
13 28 6
13 29 1
13 31 3
13 32 4
13 34 1
13 35 3
13 36 6
13 37 3
13 38 3
13 39 1
13 40 4
14 15 2
14 16 5
14 18 3
14 19 5
14 20 4
14 21 2
14 22 1
14 23 1
14 24 1
14 25 3
14 26 5
14 27 4
14 28 3
14 29 1
14 30 4
14 31 6
14 32 1
14 33 2
14 36 1
14 37 6
14 38 6
14 39 5
14 40 5
15 16 1
15 17 6
15 18 2
15 20 6
15 21 6
15 23 3
15 24 5
15 25 5
15 26 5
15 27 5
15 28 6
15 29 3
15 31 2
15 32 5
15 33 5
15 36 6
15 37 6
15 38 4
15 39 5
15 40 4
16 17 1
16 18 4
16 19 1
16 20 4
16 21 2
16 22 3
16 23 4
16 24 6
16 26 1
16 28 2
16 29 1
16 32 4
16 34 3
16 37 1
16 38 5
16 39 6
16 40 5
17 18 4
17 19 1
17 20 6
17 22 3
17 23 2
17 24 4
17 25 4
17 26 1
17 27 6
17 29 1
17 30 2
17 32 3
17 34 2
17 35 6
17 36 5
17 37 4
17 40 1
17 21 5
18 19 1
18 20 1
18 21 4
18 22 6
18 23 1
18 24 4
18 25 3
18 26 1
18 27 4
18 28 1
18 29 3
18 30 5
18 31 2
18 32 2
18 33 2
18 35 1
18 36 1
18 37 1
18 38 6
18 39 1
18 40 6
19 20 4
19 21 4
19 23 1
19 25 1
19 26 5
19 27 1
19 28 5
19 30 5
19 31 5
19 32 6
19 33 5
19 34 1
19 35 6
19 36 2
19 37 4
19 38 5
19 39 3
19 40 6
20 21 3
20 23 2
20 24 6
20 25 1
20 27 1
20 28 3
20 29 2
20 32 1
20 34 3
20 35 5
20 36 4
20 37 1
20 38 3
20 40 3
21 23 2
21 24 5
21 25 5
21 26 3
21 27 5
21 28 3
21 29 1
21 30 3
21 31 1
21 32 3
21 34 1
21 35 5
21 36 2
21 38 1
21 39 4
21 40 1
22 23 4
22 24 5
22 26 1
22 27 1
22 28 4
22 29 4
22 30 4
22 31 6
22 32 1
22 33 2
22 34 5
22 35 6
22 36 3
22 38 1
22 39 4
22 40 2
23 24 4
23 25 2
23 26 5
23 27 6
23 28 3
23 29 4
23 30 6
23 31 4
23 32 6
23 33 1
23 34 6
23 35 1
23 36 2
23 39 5
24 25 3
24 26 3
24 27 6
24 29 4
24 32 4
24 33 4
24 34 2
24 35 6
24 37 6
24 38 5
24 40 3
25 26 2
25 29 1
25 30 2
25 31 3
25 32 2
25 33 5
25 34 5
25 36 4
25 37 6
25 38 1
25 27 2
26 27 1
26 28 2
26 29 1
26 30 1
26 31 2
26 32 1
26 33 1
26 34 3
26 35 5
26 36 3
26 37 1
26 38 2
26 39 1
27 29 6
27 30 6
27 31 6
27 32 3
27 33 2
27 34 1
27 36 5
27 37 6
27 39 2
27 40 1
27 28 1
28 29 5
28 30 4
28 32 5
28 33 1
28 34 3
28 36 6
28 37 3
28 38 2
28 39 6
28 40 4
29 32 2
29 33 3
29 34 2
29 35 1
29 36 1
29 38 2
29 39 4
29 40 2
30 32 6
30 34 1
30 35 4
30 36 3
30 37 6
30 38 4
30 39 3
30 40 5
31 33 2
31 34 1
31 35 1
31 36 1
31 37 2
31 38 3
31 39 6
31 40 4
32 33 6
32 34 3
32 35 2
32 36 5
32 37 6
32 38 6
32 39 1
32 40 6
33 34 1
33 35 6
33 36 3
33 37 4
33 38 6
33 39 4
33 40 3
34 35 6
34 37 3
34 39 2
35 36 3
35 37 2
35 39 3
36 38 2
36 39 3
36 40 5
37 39 6
37 40 4
37 38 2
38 39 6
38 40 1
39 40 4
5
14
19
29
35
