40 5 489
2 0 4 4 2 3 5 1 3 1 0 1 3 3 0 0 5 5 1 3 0 5 0 1 1 0 2 4 2 4 2 3 5 4 3 0 3 2 3 3
1 5 4
1 6 1
1 7 1
1 8 1
1 10 4
1 12 6
1 13 1
1 14 6
1 15 5
1 21 3
1 22 6
1 26 6
1 28 6
1 29 1
1 31 5
1 32 3
1 33 5
1 35 2
1 37 6
1 38 5
1 39 1
1 40 1
1 2 1
2 3 3
2 4 1
2 5 6
2 6 3
2 7 5
2 8 3
2 9 3
2 10 2
2 13 2
2 15 2
2 16 6
2 19 2
2 21 3
2 24 1
2 31 2
2 32 1
2 33 6
2 37 1
2 38 4
2 40 1
3 4 6
3 5 3
3 8 4
3 9 1
3 12 2
3 16 1
3 17 4
3 19 6
3 20 6
3 21 1
3 22 3
3 25 1
3 26 6
3 28 3
3 29 4
3 30 1
3 31 4
3 33 4
3 34 6
3 36 3
3 37 6
3 38 3
3 39 3
3 6 2
3 7 5
4 5 3
4 6 1
4 7 6
4 9 6
4 10 1
4 11 3
4 12 6
4 19 3
4 20 1
4 21 5
4 23 2
4 25 6
4 26 3
4 29 5
4 30 3
4 31 6
4 32 5
4 33 4
4 34 4
4 35 3
4 38 6
4 40 5
4 8 5
5 7 3
5 14 6
5 15 5
5 17 3
5 18 5
5 21 1
5 23 5
5 25 1
5 26 4
5 27 6
5 28 5
5 29 6
5 31 2
5 33 6
5 34 6
5 35 6
5 38 5
5 39 1
6 7 3
6 8 6
6 9 1
6 10 3
6 11 2
6 14 4
6 17 6
6 18 1
6 19 1
6 20 2
6 24 5
6 25 5
6 26 3
6 27 6
6 28 5
6 29 5
6 31 4
6 32 6
6 35 1
6 36 1
6 37 3
6 39 1
7 8 5
7 10 2
7 11 1
7 13 5
7 14 5
7 15 4
7 16 5
7 17 3
7 20 5
7 21 2
7 24 2
7 25 1
7 29 3
7 30 3
7 36 3
7 37 2
7 38 3
8 10 3
8 12 5
8 13 6
8 14 4
8 17 6
8 20 6
8 23 1
8 25 3
8 28 4
8 29 4
8 34 1
8 36 1
8 38 4
8 39 3
8 40 5
9 10 5
9 12 2
9 14 3
9 16 1
9 17 6
9 22 4
9 23 5
9 25 5
9 26 4
9 27 5
9 28 6
9 31 6
9 35 3
9 36 2
9 39 5
9 40 3
9 13 5
9 15 6
10 13 3
10 15 2
10 17 3
10 18 2
10 19 1
10 20 3
10 23 3
10 25 2
10 26 4
10 27 3
10 28 1
10 31 3
10 32 2
10 33 1
10 34 4
10 35 3
10 37 2
10 39 5
10 40 2
10 11 5
10 16 1
11 12 3
11 13 1
11 15 2
11 18 2
11 20 6
11 22 4
11 23 1
11 24 4
11 28 4
11 30 5
11 31 6
11 32 5
11 33 4
11 34 3
11 35 5
11 36 3
11 39 5
11 40 1
12 13 6
12 14 6
12 15 1
12 20 1
12 21 3
12 23 3
12 25 2
12 27 4
12 28 3
12 29 6
12 33 5
12 34 2
12 35 2
12 36 1
12 37 1
12 40 3
12 16 2
13 14 3
13 15 6
13 17 2
13 18 2
13 20 1
13 21 6
13 22 4
13 23 1
13 24 1
13 26 4
13 27 3
13 29 3
13 30 2
13 31 5
13 34 4
13 36 6
13 37 4
13 39 4
13 40 6
14 15 3
14 16 1
14 18 3
14 20 5
14 22 3
14 25 4
14 26 2
14 27 3
14 30 6
14 31 3
14 35 3
14 36 2
14 37 1
14 40 4
15 17 5
15 18 1
15 19 5
15 20 1
15 22 1
15 24 4
15 25 6
15 26 3
15 29 4
15 30 3
15 31 6
15 32 1
15 33 4
15 34 2
15 35 2
15 36 1
15 38 2
15 39 4
15 40 4
16 18 1
16 19 6
16 20 2
16 21 4
16 23 1
16 25 5
16 26 3
16 27 6
16 29 1
16 30 1
16 32 4
16 33 6
16 34 6
16 35 4
16 36 1
16 37 2
16 38 1
16 39 5
17 19 1
17 20 5
17 21 6
17 22 4
17 24 3
17 25 5
17 28 6
17 29 1
17 30 5
17 31 4
17 32 2
17 34 4
17 35 1
17 37 1
17 38 1
18 19 4
18 20 4
18 21 5
18 23 3
18 24 6
18 25 6
18 27 3
18 31 3
18 32 5
18 33 5
18 35 4
18 37 6
18 38 6
18 39 5
19 20 1
19 24 6
19 27 2
19 28 4
19 29 4
19 30 4
19 31 6
19 33 4
19 35 1
19 36 6
19 40 5
19 21 5
20 21 6
20 22 2
20 26 3
20 27 2
20 28 3
20 31 1
20 32 1
20 35 1
20 36 1
20 37 2
20 38 3
21 24 6
21 25 4
21 27 6
21 28 4
21 29 2
21 30 3
21 33 2
21 34 4
21 36 6
21 38 6
21 40 3
21 23 4
22 23 2
22 24 1
22 26 1
22 27 5
22 28 1
22 29 2
22 30 5
22 31 1
22 33 3
22 34 6
22 36 3
22 37 1
22 39 3
22 40 3
23 26 5
23 28 5
23 29 6
23 30 4
23 31 5
23 32 3
23 33 1
23 34 4
23 36 1
23 38 5
23 40 2
23 24 3
24 25 6
24 26 2
24 29 2
24 31 1
24 32 4
24 33 4
24 34 2
24 35 1
24 36 4
24 37 2
24 39 3
24 40 2
25 27 6
25 30 4
25 32 5
25 33 4
25 34 1
25 35 2
25 36 3
25 38 3
25 39 4
26 27 6
26 28 3
26 29 1
26 30 2
26 31 6
26 34 5
26 39 3
27 28 4
27 32 4
27 34 5
27 35 1
27 36 3
27 37 6
27 39 2
27 40 1
28 29 3
28 30 6
28 31 5
28 32 3
28 33 1
28 35 3
28 37 1
28 38 5
28 40 1
29 30 1
29 32 2
29 33 1
29 35 1
29 37 1
29 40 3
29 31 4
30 31 1
30 32 6
30 34 5
30 38 3
30 39 6
30 40 6
31 32 4
31 33 4
31 34 3
31 35 2
31 36 2
31 37 3
31 38 2
31 40 1
32 34 6
32 35 5
32 36 3
32 37 5
32 38 3
32 40 1
33 35 2
33 36 6
33 37 2
33 38 3
33 39 1
33 40 6
33 34 1
34 39 6
34 40 5
35 36 5
35 37 6
35 38 2
35 39 3
35 40 4
36 40 5
37 39 2
37 40 4
37 38 5
38 40 1
39 40 2
7
11
20
29
34
