40 5 367
1 4 0 5 1 4 4 0 5 2 0 4 1 0 4 4 3 0 2 3 0 4 1 2 5 1 0 3 0 5 5 2 2 3 2 2 4 0 4 1
1 5 2
1 6 4
1 8 1
1 9 1
1 13 1
1 16 1
1 18 5
1 19 5
1 23 6
1 25 6
1 27 3
1 28 1
1 31 2
1 32 2
1 34 4
1 35 1
1 36 1
1 37 4
1 38 4
2 4 1
2 8 5
2 9 6
2 10 1
2 12 4
2 15 3
2 17 4
2 20 6
2 21 5
2 26 5
2 27 5
2 32 1
2 34 1
2 35 6
2 37 1
2 38 3
2 40 5
2 6 1
3 7 6
3 9 1
3 10 6
3 11 5
3 13 6
3 14 1
3 15 3
3 18 4
3 21 1
3 23 1
3 24 4
3 28 2
3 34 2
3 35 3
3 36 5
3 4 5
4 5 6
4 9 1
4 10 5
4 12 5
4 13 2
4 14 5
4 15 4
4 16 6
4 18 4
4 20 6
4 21 6
4 22 6
4 23 4
4 26 2
4 29 1
4 31 1
4 32 3
5 6 1
5 8 1
5 11 1
5 13 5
5 15 1
5 18 1
5 19 1
5 20 5
5 24 2
5 25 3
5 30 5
5 34 4
5 35 5
5 37 5
5 38 2
5 40 1
6 7 2
6 10 3
6 12 3
6 13 2
6 14 6
6 16 6
6 19 3
6 23 1
6 27 5
6 29 2
6 31 1
6 32 4
6 33 6
6 35 4
6 37 1
6 39 3
7 8 3
7 9 1
7 13 5
7 14 6
7 16 6
7 18 5
7 20 4
7 22 2
7 23 3
7 24 5
7 32 5
7 34 4
7 35 6
7 38 3
7 39 2
8 10 1
8 13 6
8 17 5
8 18 2
8 26 5
8 30 2
8 32 6
8 34 6
8 36 3
9 12 5
9 14 2
9 15 4
9 21 3
9 23 6
9 26 2
9 27 3
9 30 4
9 31 5
9 33 1
9 34 4
9 37 5
9 38 6
9 10 3
9 16 1
10 11 3
10 12 3
10 13 3
10 15 3
10 16 4
10 18 5
10 21 4
10 22 3
10 25 3
10 30 6
10 33 5
10 34 1
10 35 3
10 38 5
10 39 3
10 40 4
11 12 6
11 14 1
11 16 3
11 17 3
11 18 6
11 19 4
11 30 1
11 34 1
11 35 6
11 36 5
11 37 1
11 13 3
12 20 1
12 23 2
12 24 3
12 26 1
12 29 3
12 33 3
12 38 5
12 39 5
12 13 1
13 14 5
13 16 4
13 19 4
13 20 1
13 22 3
13 23 2
13 27 3
13 29 1
13 31 6
13 36 6
13 39 4
14 15 4
14 17 3
14 20 5
14 22 2
14 24 2
14 26 6
14 28 3
14 29 4
14 30 3
14 31 2
14 37 1
14 38 1
14 39 3
14 40 1
15 17 5
15 25 6
15 28 4
15 29 1
15 33 3
15 36 5
15 38 1
15 39 5
16 17 5
16 18 4
16 20 6
16 21 1
16 22 6
16 23 6
16 24 6
16 26 4
16 27 1
16 28 3
16 31 2
16 33 6
16 35 5
16 36 6
16 37 3
16 39 6
16 40 6
17 18 6
17 19 5
17 21 6
17 29 4
17 30 5
17 32 3
17 33 4
17 35 5
17 36 2
17 38 6
17 23 4
18 19 2
18 23 2
18 24 5
18 26 3
18 28 5
18 33 2
18 38 3
18 40 4
18 22 5
18 21 6
19 20 3
19 21 5
19 22 3
19 25 2
19 26 2
19 28 3
19 29 3
19 30 4
19 32 4
19 35 4
19 36 1
19 37 1
19 38 6
19 39 3
20 22 1
20 23 5
20 25 6
20 26 6
20 27 6
20 28 5
20 29 5
20 36 6
20 37 5
20 39 1
21 24 3
21 26 5
21 27 4
21 28 1
21 32 6
21 34 2
21 37 5
21 39 6
21 40 4
22 25 2
22 26 1
22 29 2
22 32 6
22 33 2
22 35 4
22 37 1
22 38 4
22 39 4
22 40 3
23 25 2
23 27 3
23 28 1
23 29 3
23 30 6
23 32 5
23 35 2
23 38 1
24 26 1
24 28 3
24 29 4
24 31 3
24 32 2
24 33 2
24 34 3
24 35 6
24 36 2
24 38 2
24 40 2
25 28 5
25 29 5
25 32 5
25 34 1
25 35 5
25 36 4
25 27 1
26 28 4
26 30 3
26 31 2
26 38 3
26 40 3
27 28 4
27 30 4
27 33 5
27 35 4
27 37 2
27 38 4
28 30 4
28 34 3
28 39 3
28 31 4
29 33 1
29 34 3
29 35 2
29 36 1
29 39 2
30 31 1
30 37 6
30 38 1
30 32 5
31 34 4
31 37 4
31 38 5
31 32 1
32 33 6
32 34 4
32 36 3
32 37 6
33 34 5
33 36 6
33 37 6
33 35 2
33 40 5
34 35 5
34 36 1
34 38 3
35 36 3
35 39 1
35 40 6
36 38 2
36 39 5
37 38 2
37 39 5
38 39 5
39 40 5
1
15
18
27
37
