40 5 541
5 3 4 3 3 3 2 4 1 4 3 2 1 2 4 3 0 2 2 5 1 2 0 2 5 3 4 0 1 4 2 0 0 4 2 4 4 5 0 2
1 4 1
1 5 6
1 6 1
1 7 1
1 8 3
1 9 5
1 10 1
1 12 5
1 13 2
1 14 2
1 16 4
1 18 2
1 19 1
1 20 4
1 22 4
1 24 2
1 25 5
1 27 2
1 28 6
1 29 2
1 30 3
1 33 4
1 34 1
1 37 5
1 40 5
2 3 6
2 4 4
2 5 1
2 6 6
2 8 2
2 9 6
2 10 3
2 12 3
2 14 5
2 15 2
2 16 6
2 17 3
2 18 4
2 19 4
2 20 6
2 22 2
2 23 4
2 24 3
2 25 3
2 27 4
2 28 1
2 29 1
2 32 5
2 33 4
2 37 4
2 38 3
3 4 6
3 5 4
3 6 6
3 8 4
3 9 5
3 10 5
3 11 1
3 12 3
3 13 3
3 15 5
3 18 3
3 21 2
3 22 2
3 24 3
3 25 6
3 26 6
3 27 3
3 30 1
3 31 3
3 32 6
3 33 4
3 35 1
3 36 2
3 37 6
3 38 3
3 39 5
4 5 1
4 7 3
4 8 6
4 10 1
4 11 1
4 12 1
4 13 4
4 16 6
4 18 5
4 20 2
4 22 5
4 23 1
4 24 1
4 25 4
4 26 2
4 27 2
4 28 4
4 29 1
4 32 5
4 33 3
4 34 4
4 35 3
4 36 2
4 38 2
4 39 5
4 40 5
5 6 1
5 7 5
5 8 1
5 9 6
5 10 3
5 11 5
5 13 6
5 14 5
5 16 3
5 17 3
5 18 5
5 20 2
5 21 1
5 24 3
5 26 2
5 27 3
5 28 5
5 29 2
5 30 4
5 32 6
5 33 3
5 35 1
5 36 2
6 7 5
6 8 4
6 9 3
6 10 6
6 11 4
6 12 5
6 14 3
6 16 6
6 17 6
6 18 2
6 19 4
6 21 6
6 22 6
6 25 2
6 28 5
6 30 6
6 33 2
6 35 5
6 37 6
6 39 2
6 40 5
7 8 1
7 9 4
7 11 3
7 14 2
7 15 2
7 16 6
7 17 6
7 18 1
7 19 3
7 20 3
7 22 2
7 23 3
7 25 4
7 26 5
7 27 6
7 30 2
7 32 6
7 34 1
7 35 2
7 37 1
7 40 6
8 9 2
8 11 4
8 12 5
8 13 2
8 16 4
8 17 2
8 20 3
8 21 2
8 22 1
8 25 2
8 26 6
8 28 5
8 29 3
8 30 5
8 31 4
8 33 2
8 34 1
8 35 6
8 36 1
8 38 2
8 39 6
8 40 6
9 10 6
9 11 6
9 12 4
9 13 3
9 15 4
9 17 2
9 18 1
9 19 1
9 20 1
9 21 2
9 22 2
9 24 4
9 26 5
9 30 4
9 33 3
9 35 1
9 37 4
9 38 1
9 40 3
9 16 6
10 11 6
10 12 1
10 13 1
10 14 1
10 16 4
10 20 3
10 21 5
10 22 5
10 23 2
10 25 3
10 26 6
10 27 2
10 29 3
10 30 5
10 33 4
10 34 1
10 35 3
10 36 2
10 37 1
10 38 2
10 40 6
10 15 6
11 12 5
11 13 1
11 14 3
11 15 2
11 16 4
11 17 4
11 18 1
11 19 3
11 21 4
11 25 6
11 26 6
11 27 5
11 28 4
11 29 5
11 31 4
11 32 4
11 33 3
11 34 2
11 35 3
11 36 5
11 37 5
11 38 2
11 39 4
11 40 3
12 13 1
12 14 4
12 15 1
12 16 6
12 17 6
12 18 2
12 20 5
12 22 5
12 23 6
12 24 5
12 25 5
12 28 2
12 29 1
12 30 2
12 31 6
12 33 3
12 35 1
12 36 4
12 37 3
12 38 3
12 39 4
13 16 4
13 17 6
13 18 3
13 19 2
13 20 3
13 22 2
13 23 2
13 24 3
13 25 4
13 28 5
13 29 6
13 30 3
13 32 2
13 33 1
13 34 3
13 36 1
13 38 3
13 39 4
13 40 2
13 14 4
14 15 5
14 16 5
14 17 6
14 20 2
14 21 3
14 22 5
14 24 3
14 25 2
14 28 6
14 29 6
14 30 1
14 31 2
14 33 5
14 34 4
14 37 1
14 38 5
15 16 6
15 17 4
15 19 2
15 20 5
15 22 5
15 23 1
15 25 6
15 26 6
15 28 5
15 29 4
15 30 4
15 33 4
15 34 4
15 37 3
15 40 2
16 17 6
16 18 3
16 19 6
16 21 4
16 23 3
16 28 5
16 29 2
16 30 1
16 31 5
16 36 4
16 38 6
16 39 2
16 40 3
17 18 3
17 19 5
17 20 5
17 22 2
17 24 4
17 25 5
17 26 3
17 27 6
17 28 5
17 29 2
17 30 5
17 32 4
17 35 5
17 36 6
17 37 4
17 21 1
18 20 5
18 21 4
18 23 2
18 24 5
18 27 2
18 28 2
18 29 1
18 30 4
18 31 2
18 32 1
18 35 5
18 36 4
18 38 1
18 39 4
18 40 3
18 19 4
19 20 5
19 24 6
19 26 3
19 28 3
19 29 4
19 30 3
19 31 6
19 36 4
19 40 3
20 21 2
20 22 6
20 23 3
20 24 1
20 25 3
20 28 4
20 29 1
20 30 2
20 32 5
20 33 5
20 34 5
20 36 2
20 37 3
20 38 2
21 22 6
21 24 5
21 25 5
21 26 3
21 27 3
21 28 5
21 29 5
21 30 5
21 32 2
21 33 1
21 34 3
21 35 3
21 36 1
21 38 6
22 23 5
22 24 3
22 25 5
22 26 5
22 27 2
22 28 3
22 30 3
22 31 5
22 32 5
22 33 3
22 35 5
22 37 1
22 38 2
23 24 5
23 25 1
23 26 6
23 28 6
23 29 5
23 30 2
23 31 2
23 32 3
23 33 2
23 34 2
23 35 2
23 36 1
23 37 6
23 38 4
23 39 6
23 40 1
24 25 3
24 26 6
24 27 4
24 29 4
24 30 1
24 31 5
24 32 4
24 33 5
24 35 1
24 36 6
24 37 5
24 38 3
24 40 2
25 26 2
25 27 6
25 28 3
25 29 4
25 30 2
25 31 3
25 33 5
25 35 2
25 40 6
25 32 1
26 29 3
26 30 6
26 31 2
26 32 6
26 34 6
26 36 5
26 37 3
26 38 5
26 27 3
27 28 3
27 29 1
27 30 3
27 31 4
27 32 2
27 34 6
27 36 1
27 37 5
27 38 3
27 39 3
28 29 6
28 30 3
28 31 2
28 34 3
28 35 6
28 37 1
28 38 6
28 39 6
29 31 1
29 32 1
29 34 5
29 35 3
29 36 2
29 40 1
30 31 5
30 34 5
30 36 1
30 37 2
30 38 2
30 39 5
30 40 5
31 32 6
31 33 1
31 35 2
31 36 6
31 37 3
31 38 5
31 39 6
31 40 5
32 33 4
32 34 3
32 35 3
32 36 6
32 37 4
32 38 4
32 39 4
32 40 3
33 35 3
33 36 4
33 37 6
33 38 6
33 39 1
33 40 5
33 34 4
34 35 4
34 36 3
34 38 6
34 39 3
34 37 2
35 36 5
35 38 2
35 40 5
35 39 5
36 37 5
36 40 4
37 39 4
37 40 3
38 39 3
38 40 3
39 40 6
3
10
23
27
34
