40 5 118
2 1 4 4 0 4 1 5 2 2 1 3 2 4 4 4 3 5 0 2 0 3 2 2 5 0 0 1 0 3 0 1 0 1 5 2 0 4 5 3
1 2 2
1 6 1
1 27 1
1 7 1
2 3 4
2 4 2
2 16 5
2 21 1
2 6 3
3 14 1
3 25 4
3 35 3
3 8 2
4 7 5
4 19 5
4 5 2
5 10 3
5 11 6
5 12 4
5 15 1
5 26 5
5 38 3
5 6 3
6 8 4
6 12 3
6 19 3
6 23 3
6 27 2
6 30 2
6 32 3
6 33 3
7 30 6
7 8 6
8 11 6
8 23 5
8 30 2
8 31 6
9 10 4
9 25 5
9 35 2
9 40 6
9 15 6
9 13 2
10 15 6
10 19 6
10 21 5
10 22 6
10 25 5
10 26 4
10 30 1
10 16 6
11 13 5
11 19 5
11 40 3
11 16 4
12 19 6
12 37 1
12 13 6
12 16 3
13 19 3
13 29 4
13 30 5
13 33 6
13 34 2
13 38 3
14 22 2
14 31 5
14 39 2
14 40 4
14 16 3
15 17 3
15 19 5
15 22 2
15 26 1
15 36 6
15 38 3
17 18 2
17 23 1
17 32 4
17 37 5
17 39 5
17 21 6
18 23 4
19 20 1
19 22 6
19 21 6
20 21 6
20 23 5
20 22 2
21 32 5
21 36 2
22 32 1
22 34 1
22 24 1
24 34 3
25 30 4
25 29 1
26 29 1
26 36 5
26 30 1
27 32 2
28 38 2
28 39 6
28 31 5
29 32 1
29 40 1
30 31 4
31 32 6
32 40 6
33 38 1
33 36 5
34 38 1
35 36 4
36 37 2
36 40 4
37 40 3
38 39 3
39 40 2
5
9
18
28
37
