40 5 240
3 1 3 3 3 2 2 5 0 5 3 2 1 4 0 2 1 1 2 1 3 2 2 2 5 4 0 0 5 5 0 1 0 0 0 0 1 1 2 2
1 10 5
1 11 3
1 12 4
1 14 5
1 15 1
1 16 3
1 22 1
1 23 5
1 25 1
1 39 4
1 7 4
1 3 3
2 6 1
2 8 6
2 21 4
2 24 3
2 26 4
2 28 6
2 34 2
2 37 6
3 8 6
3 10 5
3 13 1
3 15 2
3 18 1
3 24 4
3 25 4
3 33 4
3 5 3
4 7 6
4 9 5
4 10 4
4 12 5
4 14 1
4 23 5
4 25 5
4 28 2
4 32 4
4 35 2
4 36 1
4 38 5
4 40 3
5 9 6
5 10 5
5 15 2
5 25 2
5 28 4
5 29 2
5 32 2
5 34 4
5 36 3
5 40 6
5 8 2
6 12 5
6 14 6
6 21 5
6 25 3
6 27 2
6 7 1
7 9 1
7 21 3
7 25 2
7 31 5
7 35 4
7 36 2
7 38 5
8 10 3
8 12 5
8 20 3
8 25 1
8 28 6
8 30 4
8 32 2
8 36 3
8 37 2
8 39 4
9 10 3
9 16 6
9 19 4
9 22 2
9 29 4
9 33 4
9 39 2
9 13 2
10 13 2
10 17 5
10 18 2
10 20 5
10 21 2
10 25 6
10 30 2
10 32 5
10 35 3
10 37 3
10 12 6
11 12 3
11 15 5
11 17 3
11 29 6
11 37 1
11 38 4
11 14 4
12 15 4
12 16 6
12 19 5
12 20 4
12 23 2
12 25 6
12 29 2
12 32 6
12 34 2
12 39 2
12 40 1
12 14 3
12 13 6
13 14 2
13 16 1
13 17 5
13 29 2
13 31 6
13 35 5
13 36 5
13 15 2
14 15 6
14 16 3
14 21 3
14 22 6
14 24 2
14 27 3
14 29 2
14 33 5
14 34 1
14 35 3
14 38 6
14 39 1
15 24 3
15 27 2
15 29 5
15 32 6
15 33 4
15 34 2
15 38 2
15 39 2
16 19 1
16 31 1
16 35 4
16 38 6
17 18 2
17 24 2
17 26 4
17 29 6
17 30 2
17 32 1
17 34 4
17 39 2
18 21 1
18 22 3
18 24 3
18 25 1
18 28 2
18 30 3
18 32 1
18 35 4
18 39 6
19 21 5
19 23 4
19 26 4
19 30 6
19 34 6
19 39 2
19 22 5
20 21 1
20 24 6
20 31 3
20 32 1
20 35 5
20 37 5
21 24 4
21 26 6
21 27 3
21 31 5
21 32 5
21 34 2
21 35 1
21 40 6
21 22 3
21 23 5
22 35 1
22 38 3
23 28 4
23 33 5
23 35 4
24 28 4
24 29 5
24 34 4
24 37 5
25 26 4
25 39 3
25 28 6
26 29 5
26 30 3
26 32 1
26 31 3
27 28 3
27 31 3
27 34 6
27 35 6
27 36 1
27 38 1
28 29 2
28 30 5
28 32 6
28 34 4
28 35 5
28 40 3
29 31 6
29 34 6
29 35 1
29 36 5
29 39 2
29 32 3
30 31 1
30 32 4
30 35 4
31 32 1
31 38 6
31 39 4
32 34 3
32 39 6
33 35 2
33 37 1
33 40 5
34 38 2
34 36 3
35 39 5
35 40 3
37 38 6
37 40 4
38 40 3
38 39 1
2
13
22
29
34
