40 5 720
3 1 5 1 4 4 2 4 3 1 3 4 5 0 4 5 5 2 3 3 2 5 0 3 3 4 0 5 1 0 0 2 5 3 1 4 3 5 0 0
1 3 5
1 4 5
1 5 6
1 6 3
1 7 5
1 8 1
1 10 5
1 11 2
1 12 2
1 13 6
1 14 3
1 15 6
1 16 6
1 17 5
1 18 5
1 19 3
1 20 5
1 22 3
1 23 3
1 24 4
1 25 5
1 26 2
1 27 5
1 28 3
1 29 2
1 30 4
1 31 2
1 32 5
1 33 3
1 34 4
1 35 3
1 36 3
1 37 4
1 38 2
1 39 1
1 40 4
1 2 4
2 3 3
2 4 4
2 5 3
2 6 6
2 7 2
2 8 1
2 9 2
2 10 2
2 13 1
2 14 4
2 15 3
2 16 1
2 17 1
2 18 4
2 19 5
2 20 2
2 21 6
2 22 6
2 23 1
2 24 6
2 25 6
2 27 4
2 28 2
2 29 5
2 30 5
2 31 6
2 32 4
2 33 1
2 34 4
2 35 1
2 36 3
2 37 3
2 38 6
2 39 1
2 40 4
3 4 3
3 5 5
3 6 2
3 7 3
3 10 5
3 11 2
3 12 1
3 13 3
3 14 1
3 15 3
3 16 4
3 17 3
3 18 1
3 19 6
3 20 4
3 21 1
3 23 1
3 24 6
3 25 6
3 26 2
3 27 3
3 28 4
3 29 2
3 30 5
3 31 5
3 32 1
3 33 5
3 34 2
3 35 3
3 36 3
3 37 1
3 38 6
3 40 1
4 5 2
4 6 1
4 7 2
4 8 6
4 9 4
4 10 3
4 11 2
4 12 5
4 13 2
4 14 4
4 15 5
4 16 3
4 17 5
4 18 3
4 19 1
4 20 6
4 21 1
4 22 3
4 23 3
4 24 2
4 25 1
4 26 5
4 27 3
4 29 5
4 30 5
4 31 3
4 32 2
4 34 5
4 35 1
4 37 3
4 38 3
4 39 6
4 40 4
5 6 1
5 7 1
5 8 4
5 9 5
5 10 2
5 11 5
5 12 3
5 13 3
5 14 3
5 15 4
5 16 5
5 17 2
5 18 2
5 19 2
5 20 2
5 21 3
5 22 2
5 23 2
5 24 6
5 25 2
5 26 3
5 27 5
5 28 4
5 29 5
5 30 6
5 31 4
5 32 1
5 33 6
5 34 3
5 36 1
5 38 1
5 39 6
5 40 5
6 7 3
6 8 5
6 9 2
6 10 6
6 11 6
6 12 2
6 13 3
6 14 6
6 15 1
6 16 5
6 17 4
6 18 1
6 19 5
6 20 2
6 21 2
6 22 4
6 23 3
6 24 1
6 25 6
6 26 1
6 27 4
6 28 2
6 29 3
6 30 6
6 31 1
6 32 1
6 33 1
6 34 5
6 35 4
6 36 6
6 37 2
6 38 5
6 39 3
6 40 6
7 8 1
7 9 3
7 10 3
7 11 1
7 12 6
7 13 3
7 14 3
7 15 5
7 17 3
7 18 5
7 19 3
7 20 1
7 22 6
7 23 1
7 24 6
7 25 5
7 26 5
7 27 1
7 28 2
7 29 6
7 30 1
7 31 2
7 33 6
7 34 3
7 35 3
7 36 1
7 37 5
7 38 4
7 39 6
7 40 4
8 10 4
8 11 4
8 12 6
8 13 1
8 14 2
8 15 5
8 16 6
8 17 5
8 18 3
8 19 4
8 20 1
8 21 5
8 22 5
8 23 1
8 24 4
8 25 6
8 26 6
8 27 1
8 28 6
8 29 4
8 30 5
8 31 2
8 32 1
8 33 1
8 34 4
8 35 1
8 36 2
8 37 6
8 39 2
8 40 3
9 10 5
9 11 3
9 12 1
9 13 6
9 14 5
9 15 3
9 16 3
9 17 4
9 18 2
9 19 4
9 20 4
9 21 2
9 22 1
9 23 6
9 24 3
9 25 3
9 27 3
9 28 4
9 29 1
9 30 6
9 31 2
9 32 6
9 33 5
9 34 5
9 35 5
9 36 4
9 37 2
9 39 2
9 40 4
10 11 6
10 12 4
10 13 4
10 14 3
10 15 1
10 16 2
10 17 2
10 18 4
10 19 1
10 20 4
10 21 2
10 23 6
10 24 3
10 25 2
10 26 1
10 27 5
10 28 3
10 30 6
10 31 6
10 32 1
10 33 5
10 34 5
10 35 4
10 36 3
10 37 6
10 38 4
10 39 6
10 40 1
11 12 5
11 13 1
11 14 3
11 15 5
11 16 6
11 17 1
11 18 6
11 19 1
11 20 5
11 21 2
11 22 3
11 23 2
11 24 4
11 25 3
11 26 5
11 27 3
11 28 1
11 29 1
11 31 4
11 32 2
11 33 4
11 34 2
11 35 1
11 37 5
11 38 5
11 39 2
11 40 3
12 13 4
12 14 5
12 15 3
12 16 6
12 17 4
12 18 2
12 19 4
12 20 4
12 21 2
12 22 1
12 23 2
12 24 5
12 25 4
12 26 4
12 27 4
12 28 3
12 29 2
12 31 3
12 33 4
12 34 4
12 35 3
12 36 6
12 37 2
12 38 5
12 40 3
13 14 6
13 16 5
13 17 1
13 18 3
13 19 6
13 20 6
13 21 6
13 22 1
13 23 1
13 24 2
13 25 2
13 26 2
13 27 2
13 28 6
13 29 3
13 30 3
13 31 4
13 32 3
13 33 5
13 34 5
13 35 6
13 36 2
13 37 3
13 39 3
13 40 4
14 15 6
14 16 1
14 17 2
14 18 1
14 19 1
14 20 4
14 21 2
14 22 3
14 23 3
14 24 1
14 25 5
14 26 2
14 27 2
14 28 2
14 29 3
14 30 6
14 31 6
14 32 6
14 33 1
14 34 1
14 35 1
14 36 3
14 37 5
14 38 2
14 39 4
14 40 5
15 16 5
15 17 6
15 18 4
15 19 2
15 20 4
15 21 1
15 22 1
15 23 1
15 24 1
15 26 1
15 27 1
15 28 3
15 29 2
15 30 2
15 31 1
15 33 2
15 34 6
15 35 2
15 36 4
15 37 6
15 38 6
16 18 4
16 19 1
16 20 5
16 21 4
16 22 3
16 23 6
16 24 1
16 25 6
16 26 3
16 27 5
16 28 6
16 29 3
16 30 1
16 31 1
16 32 5
16 33 2
16 34 1
16 35 4
16 36 4
16 37 6
16 38 1
16 39 3
16 40 6
17 19 6
17 20 1
17 21 1
17 24 1
17 25 2
17 26 2
17 27 4
17 30 1
17 31 2
17 32 1
17 33 4
17 34 2
17 35 6
17 36 5
17 37 6
17 38 2
17 39 3
17 40 4
18 19 6
18 20 4
18 21 5
18 22 1
18 23 2
18 24 6
18 25 4
18 28 4
18 29 6
18 30 3
18 31 1
18 32 4
18 33 5
18 34 2
18 35 4
18 36 6
18 37 2
18 38 1
18 40 6
19 20 4
19 21 3
19 22 5
19 23 1
19 24 4
19 25 2
19 26 4
19 28 6
19 29 4
19 30 2
19 31 6
19 32 4
19 33 4
19 34 3
19 35 1
19 36 4
19 37 1
19 38 5
19 39 2
19 40 6
20 21 3
20 22 6
20 23 1
20 24 5
20 25 2
20 26 6
20 27 4
20 28 2
20 29 3
20 31 6
20 32 3
20 33 5
20 34 1
20 35 1
20 36 1
20 38 1
20 39 6
20 40 2
21 23 2
21 24 2
21 25 2
21 27 5
21 28 4
21 29 1
21 30 5
21 31 5
21 32 3
21 34 6
21 35 4
21 36 3
21 37 3
21 38 2
21 39 6
22 23 4
22 24 6
22 25 6
22 26 5
22 27 5
22 28 2
22 30 4
22 31 2
22 32 5
22 33 5
22 34 3
22 35 4
22 36 6
22 37 2
22 38 5
22 39 6
22 40 4
23 24 6
23 25 1
23 26 3
23 27 1
23 28 2
23 29 6
23 30 4
23 31 6
23 32 3
23 33 5
23 34 1
23 35 1
23 37 2
23 38 1
23 39 1
24 25 2
24 26 3
24 27 1
24 28 1
24 29 4
24 30 2
24 31 5
24 32 3
24 33 5
24 34 4
24 35 1
24 36 1
24 37 1
24 38 6
24 39 3
24 40 2
25 26 6
25 27 6
25 28 6
25 29 3
25 30 3
25 31 6
25 32 6
25 33 4
25 34 4
25 35 3
25 36 5
25 37 3
25 38 4
25 39 3
25 40 3
26 27 6
26 28 2
26 30 3
26 31 6
26 32 6
26 33 6
26 34 5
26 35 2
26 36 3
26 37 3
26 38 1
26 39 2
26 40 3
27 28 5
27 29 2
27 30 4
27 31 3
27 32 1
27 33 3
27 34 4
27 35 2
27 36 1
27 38 5
27 39 1
27 40 4
28 29 3
28 30 3
28 31 5
28 32 6
28 33 2
28 34 5
28 35 4
28 36 1
28 38 2
28 39 1
28 40 5
29 30 3
29 31 6
29 32 3
29 33 6
29 34 3
29 35 4
29 36 2
29 37 5
29 38 6
29 39 3
29 40 2
30 31 2
30 32 3
30 33 6
30 35 5
30 36 5
30 38 3
30 39 6
31 32 5
31 33 2
31 34 3
31 35 3
31 36 6
31 37 6
31 38 3
31 39 5
31 40 2
32 33 5
32 34 4
32 35 5
32 36 5
32 37 6
32 38 6
32 39 6
32 40 4
33 34 4
33 35 5
33 36 1
33 37 4
33 38 3
33 39 3
33 40 2
34 35 3
34 36 3
34 38 3
34 39 4
34 40 5
35 36 5
35 37 5
35 38 6
35 39 4
35 40 2
36 37 2
36 38 6
36 39 1
36 40 4
37 38 1
37 39 4
37 40 1
38 39 5
38 40 3
39 40 4
5
12
19
27
36
