40 5 282
2 5 1 0 5 1 3 0 3 1 0 1 3 1 0 2 5 5 4 1 0 1 0 3 3 5 4 5 4 4 1 1 3 1 3 5 0 3 2 2
1 7 5
1 13 3
1 14 1
1 15 2
1 19 5
1 21 4
1 22 6
1 23 1
1 24 1
1 28 5
1 35 3
1 38 2
1 39 5
1 3 5
2 6 2
2 8 5
2 12 3
2 15 3
2 17 4
2 18 5
2 20 3
2 21 5
2 23 6
2 25 1
2 26 6
2 28 6
2 29 2
2 30 3
2 34 3
2 35 3
2 37 2
2 38 2
2 40 5
2 3 5
2 7 4
3 4 6
3 5 5
3 6 5
3 7 2
3 11 3
3 12 6
3 18 4
3 21 1
3 25 5
3 28 1
3 30 3
3 37 1
3 38 2
4 5 5
4 12 1
4 13 5
4 15 2
4 21 3
4 23 1
4 25 3
4 28 3
4 30 1
4 35 1
5 7 4
5 9 1
5 10 2
5 19 1
5 21 3
5 23 1
5 25 2
5 27 2
5 36 3
5 37 4
5 38 1
5 40 2
5 8 1
6 7 1
6 13 3
6 15 2
6 20 4
6 21 3
6 24 2
6 30 2
6 34 1
6 35 6
6 39 6
7 13 1
7 14 3
7 16 3
7 17 6
7 20 3
7 26 3
7 28 5
7 29 6
7 31 1
7 32 2
7 34 5
7 39 1
7 40 2
8 15 2
8 16 2
8 27 3
8 28 2
8 37 1
8 38 5
9 12 4
9 14 1
9 18 3
9 19 2
9 25 1
9 29 6
9 33 1
9 38 4
9 11 2
10 13 6
10 20 5
10 22 4
10 26 2
10 29 4
10 30 6
10 34 5
10 35 3
10 36 5
10 40 6
10 11 4
10 14 1
11 13 5
11 14 3
11 17 5
11 19 3
11 20 2
11 34 3
11 35 2
11 38 3
11 40 5
11 15 1
12 14 6
12 22 3
12 26 2
12 28 4
12 29 6
12 30 3
12 32 3
12 33 4
12 34 4
12 35 4
12 15 1
13 15 6
13 23 1
13 25 6
13 33 1
13 35 5
13 37 5
14 16 4
14 17 5
14 26 2
14 27 5
14 28 4
14 31 5
14 34 5
15 21 3
15 22 4
15 23 2
15 24 5
15 26 6
15 27 3
15 29 1
15 31 3
15 36 5
15 37 3
15 38 5
15 39 1
15 40 6
16 17 2
16 18 2
16 22 2
16 30 4
16 31 2
16 32 3
16 35 4
16 37 3
16 38 1
16 40 2
17 19 1
17 20 1
17 23 4
17 24 3
17 25 3
17 31 5
17 32 3
17 33 6
17 34 1
17 37 2
18 21 5
18 23 6
18 27 4
18 29 1
18 33 1
18 40 2
19 27 3
19 28 2
19 29 2
19 31 5
19 33 5
19 36 6
19 38 6
19 21 2
20 23 4
20 26 2
20 27 6
20 28 6
20 29 5
20 38 4
20 39 5
21 24 4
21 31 5
21 34 1
21 37 1
21 22 3
22 24 5
22 25 4
22 26 2
22 28 3
22 29 1
22 30 5
22 32 6
22 34 5
22 23 5
23 25 5
23 26 2
23 27 4
23 28 1
23 31 3
23 32 1
23 33 3
23 34 2
23 35 3
23 36 6
23 37 5
23 38 2
23 24 3
24 27 1
24 28 6
24 30 5
24 34 3
25 38 1
25 39 2
25 40 2
25 27 4
26 29 6
26 31 5
26 32 6
26 36 5
26 38 2
26 40 2
26 30 1
27 28 5
27 30 2
27 32 3
27 34 6
27 37 4
27 38 5
28 31 4
28 35 6
28 36 1
28 37 6
28 40 3
28 30 6
29 31 4
29 34 5
29 36 6
30 32 2
30 31 3
31 36 5
32 34 5
32 39 6
32 40 1
33 38 5
33 37 2
34 36 6
34 40 5
35 36 4
35 38 6
36 38 6
36 39 4
37 38 5
37 39 5
3
12
23
31
35
